(0.0,[37.0,8.0,21.98916657])
(0.0,[47.0,10.5,22.55298967])
(0.0,[33.0,8.0,19.90432977])
(0.0,[25.0,11.0,21.51537846])
(0.0,[45.0,12.5,19.16785191])
(0.0,[32.0,13.0,18.41956189])
(0.0,[30.0,11.5,20.01795204])
(0.0,[35.0,10.0,21.183281])
(0.0,[37.0,16.0,19.18617998])
(1.0,[65.0,12.5,20.18617553])
(0.0,[24.0,16.5,19.48619596])
(1.0,[42.0,9.5,20.22433695])
(0.0,[33.0,10.5,18.80449446])
(0.0,[30.0,8.0,21.46413636])
(0.0,[40.0,10.5,20.42426187])
(0.0,[40.0,10.0,19.65401782])
(0.0,[40.0,8.0,20.09225554])
(0.0,[47.0,9.0,20.43436005])
(0.0,[37.0,9.0,21.46413636])
(0.0,[26.0,10.0,22.11048422])
(0.0,[21.0,11.0,21.72855006])
(0.0,[68.0,9.0,18.28959059])
(1.0,[66.0,10.6,19.68311788])
(0.0,[22.0,8.0,20.71704849])
(0.0,[21.0,11.5,18.76740361])
(0.0,[20.0,9.5,21.5850636])
(0.0,[65.0,9.6000004,17.93460894])
(0.0,[55.0,9.5,18.55144958])
(1.0,[63.0,9.5,20.36114972])
(1.0,[58.0,9.5,22.52248174])
(0.0,[25.0,11.0,21.11144991])
(0.0,[70.0,11.0,20.44444444])
(0.0,[25.0,11.0,19.66892674])
(1.0,[47.0,8.5,22.68730999])
(0.0,[45.0,8.0,19.78656083])
(0.0,[32.0,8.5,22.88997369])
(1.0,[65.0,11.0,20.50111242])
(1.0,[50.0,10.5,19.78326026])
(0.0,[43.0,10.0,21.90230874])
(0.0,[44.0,10.5,21.69592029])
(0.0,[19.0,12.0,18.50838761])
(1.0,[56.0,12.0,22.01657866])
(0.0,[25.0,8.8999996,19.56490252])
(0.0,[60.0,9.5,18.61983778])
(1.0,[34.0,12.0,20.56147302])
(0.0,[30.0,11.5,21.81864787])
(0.0,[50.0,8.5,19.05389876])
(0.0,[30.0,10.0,19.98076428])
(0.0,[29.0,10.0,21.75577632])
(1.0,[50.0,11.5,19.65401782])
(0.0,[42.0,10.6,19.01932757])
(0.0,[29.0,12.5,19.93068677])
(0.0,[33.0,9.0,21.14915971])
(0.0,[31.0,11.5,20.62189021])
(0.0,[30.0,12.0,21.29152232])
(0.0,[45.0,9.5,21.3420436])
(1.0,[57.0,8.5,17.73480076])
(1.0,[38.0,10.5,19.36361773])
(0.0,[40.0,14.0,19.89066177])
(0.0,[31.0,7.5,22.35553498])
(1.0,[45.0,10.5,19.79503152])
(0.0,[30.0,9.5,19.43962634])
(0.0,[21.0,9.0,19.55668199])
(0.0,[65.0,13.0,19.62138375])
(1.0,[63.0,8.0,19.02256487])
(0.0,[50.0,11.0,21.31012875])
(1.0,[55.0,13.5,21.01176582])
(0.0,[34.0,11.5,20.65760738])
(0.0,[30.0,12.5,19.2151086])
(1.0,[45.0,14.5,21.42418315])
(0.0,[45.0,12.0,18.97596832])
(0.0,[40.0,10.0,21.71394191])
(1.0,[22.0,12.0,20.56734031])
(1.0,[65.0,13.0,19.99655153])
(0.0,[47.0,13.5,19.87318632])
(0.0,[30.0,8.5,22.01576188])
(0.0,[25.0,9.5,21.71810762])
(0.0,[26.0,8.5,22.58347022])
(0.0,[32.0,9.5,18.91740713])
(0.0,[31.0,9.5,19.19976166])
(0.0,[33.0,9.0,20.80347545])
(1.0,[65.0,11.0,21.71300996])
(0.0,[25.0,12.0,18.71009234])
(0.0,[57.0,10.0,21.79303477])
(1.0,[42.0,10.5,20.31609185])
(0.0,[40.0,14.0,21.69748893])
(0.0,[47.0,6.5500002,20.42483735])
(0.0,[52.0,10.5,19.27277487])
(0.0,[47.0,8.0,21.45284294])
(0.0,[49.0,11.0,21.44905803])
(1.0,[70.0,9.5,18.21554019])
(1.0,[65.0,9.0,18.97734912])
(0.0,[40.0,11.0,21.2223238])
(1.0,[75.0,13.0,17.55251113])
(0.0,[37.0,10.5,19.63595038])
(0.0,[26.0,12.5,21.53056124])
(0.0,[40.0,10.5,21.21525967])
(0.0,[50.0,12.5,21.09116599])
(0.0,[60.0,10.0,19.08820801])
(0.0,[33.0,7.5,18.37681569])
(0.0,[28.0,8.5,18.92032389])
(0.0,[24.0,15.0,20.88888729])
(0.0,[31.0,10.0,19.26980524])
(0.0,[28.0,9.0,21.37054293])
(1.0,[75.0,13.0,17.95462948])
(0.0,[30.0,12.0,18.97596832])
(1.0,[70.0,10.6,18.38709893])
(0.0,[43.0,12.5,19.96835684])
(0.0,[31.0,8.5,19.230686300000002])
(1.0,[33.0,11.0,20.65447631])
(0.0,[45.0,10.5,21.30842903])
(0.0,[40.0,10.5,22.34490753])
(0.0,[29.0,9.5,22.155717199999998])
(0.0,[36.0,12.0,21.30953604])
(1.0,[65.0,11.5,19.17565134])
(0.0,[55.0,12.0,19.53281178])
(0.0,[39.0,13.5,21.95837226])
(0.0,[29.0,9.5,22.58464423])
(0.0,[25.0,9.5,21.55555556])
(0.0,[46.0,11.0,24.75122322])
(1.0,[67.0,12.5,18.21402423])
(0.0,[50.0,14.0,21.41422588])
(0.0,[50.0,11.0,22.31993611])
(0.0,[57.0,8.5,18.81215894])
(0.0,[40.0,10.5,20.462498699999998])
(0.0,[40.0,6.8000002,19.23272148])
(0.0,[36.0,9.0,21.36807314])
(0.0,[45.0,6.8000002,22.58346549])
(0.0,[33.0,11.5,21.84788266])
(0.0,[27.0,12.0,22.3517974])
(0.0,[35.0,13.0,21.78733406])
(1.0,[45.0,9.5,24.22444819])
(1.0,[41.0,9.0,22.18836803])
(0.0,[20.0,9.5,18.85328073])
(0.0,[18.0,9.5,21.9025265])
(0.0,[25.0,11.2,16.14811012])
(0.0,[42.0,8.5,19.46260466])
(0.0,[35.0,10.85,21.35259337])
(0.0,[40.0,8.5,20.50168495])
(1.0,[35.0,9.0,22.15455375])
(1.0,[80.0,12.0,20.46580059])
(1.0,[57.0,8.5,20.37120811])
(0.0,[22.0,10.5,18.87835479])
(0.0,[34.0,8.5,19.12912975])
(1.0,[26.0,8.3999996,17.57477116])
(0.0,[50.0,8.5,18.50838761])
(0.0,[50.0,9.5,18.99447758])
(0.0,[63.0,9.0,14.8633065])
(1.0,[42.0,10.5,27.53625028])
(0.0,[57.0,8.3999996,19.40209173])
(0.0,[23.0,9.0,19.01765745])
(0.0,[44.0,8.5,17.35998434])
(0.0,[19.0,8.5,15.89754857])
(1.0,[44.0,16.0,20.00619573])
(0.0,[31.0,9.0,23.99772088])
(0.0,[35.0,10.0,21.87088827])
(1.0,[65.0,6.8000002,15.04971782])
(0.0,[27.0,9.5,19.42112914])
(0.0,[19.0,11.2,18.23850074])
(0.0,[25.0,8.5,18.47313531])
(1.0,[75.0,9.5,16.4729614])
(0.0,[30.0,9.0,25.14153466])
(1.0,[70.0,10.0,16.66005627])
(0.0,[54.0,9.0,19.56943386])
(0.0,[39.0,9.0,19.63637746])
(0.0,[32.0,10.5,19.39431395])
(0.0,[19.0,7.3000002,20.44127504])
(1.0,[40.0,9.5,16.85421239])
(0.0,[26.0,9.5,17.41193134])
(0.0,[28.0,9.6000004,19.14046747])
(1.0,[58.0,8.5,20.68940793])
(0.0,[33.0,7.099999900000001,18.86959893])
(0.0,[40.0,8.5,21.02742014])
(0.0,[40.0,10.0,20.79273237])
(0.0,[25.0,9.6000004,20.45142695])
(1.0,[50.0,10.0,21.41422588])
(0.0,[45.0,10.0,18.91417169])
(0.0,[35.0,11.2,18.30360236])
(0.0,[31.0,9.5,17.07533638])
(1.0,[65.0,8.5,20.49040414])
(0.0,[58.0,12.0,20.09077297])
(1.0,[70.0,9.5,14.71789734])
(0.0,[40.0,9.0,20.37488978])
(0.0,[33.0,8.5,21.70358421])
(0.0,[23.0,10.5,20.55036497])
(0.0,[42.0,9.5,18.61592206])
(0.0,[50.0,7.3000002,20.703920899999996])
(0.0,[31.0,13.0,20.12639375])
(0.0,[26.0,12.0,21.78340428])
(1.0,[55.0,12.0,21.09465541])
(0.0,[19.0,10.0,18.29317305])
(0.0,[35.0,8.5,19.27571577])
(0.0,[24.0,8.3999996,20.78600507])
(1.0,[58.0,10.0,20.60392297])
(0.0,[21.0,12.5,17.90291857])
(1.0,[85.0,9.5,13.30734792])
(0.0,[25.0,9.5,19.93423971])
(0.0,[55.0,10.5,20.42612466])
(0.0,[18.0,9.0,20.664275600000003])
(1.0,[65.0,10.6,18.72974846])
(0.0,[37.0,12.0,19.209757699999997])
(1.0,[65.0,8.5,18.55359136])
(1.0,[57.0,8.5,21.71329657])
(1.0,[58.0,10.0,21.02259263])
(0.0,[27.0,12.0,19.89026101])
(0.0,[37.0,9.0,24.29245146])
(0.0,[35.0,11.0,19.96093672])
(0.0,[19.0,9.5,20.37712208])
(1.0,[58.0,8.5,20.99886283])
(0.0,[26.0,8.5,21.44492252])
(0.0,[31.0,9.5,19.36361773])
(0.0,[40.0,9.0,20.09724536])
(0.0,[65.0,10.0,18.87773253])
(0.0,[44.0,8.5,20.46132446])
(1.0,[53.0,8.0,20.61973579])
(0.0,[25.0,9.5,26.21228122])
(1.0,[75.0,9.5,24.06251772])
(0.0,[22.0,9.0,22.25067419])
(0.0,[45.0,8.0,22.29303461])
(0.0,[27.0,12.5,21.54944678])
(0.0,[24.0,9.0,20.73716219])
(1.0,[66.0,9.5,18.99534273])
(0.0,[45.0,11.5,21.13731641])
(0.0,[20.0,9.5,18.85171354])
(0.0,[30.0,9.5,18.57052648])
(0.0,[27.0,8.3999996,20.90708697])
(0.0,[39.0,9.0,18.78912314])
(1.0,[30.0,9.5,20.870382199999998])
(0.0,[22.0,8.5,19.10647218])
(1.0,[54.0,9.5,14.29227631])
(0.0,[37.0,8.5,24.06704457])
(0.0,[18.0,11.5,17.00853621])
(0.0,[31.0,9.5,22.81897815])
(0.0,[48.0,8.5,20.93096985])
(0.0,[49.0,8.5,22.57911414])
(0.0,[67.0,9.6000004,19.69805421])
(0.0,[40.0,8.5,21.46148187])
(0.0,[30.0,10.0,21.75148085])
(0.0,[28.0,9.0,23.69264554])
(0.0,[20.0,11.5,18.24618256])
(0.0,[33.0,9.0,21.07477547])
(0.0,[55.0,9.5,20.17629599])
(1.0,[43.0,9.0,21.35039052])
(0.0,[30.0,9.0,18.64116299])
(1.0,[38.0,9.0,22.98574514])
(0.0,[27.0,9.0,21.59921174])
(0.0,[45.0,9.0,24.41255246])
(1.0,[65.0,8.5,22.12257844])
(1.0,[44.0,8.5,21.20296947])
(0.0,[34.0,8.5,20.99203601])
(0.0,[35.0,9.5,17.04960333])
(0.0,[50.0,8.5,20.12692387])
(0.0,[31.0,8.5,17.15897751])
(1.0,[33.0,9.5,18.65042565])
(0.0,[27.0,9.5,21.11227229])
(0.0,[40.0,8.3999996,18.85096786])
(0.0,[30.0,8.5,16.7552688])
(1.0,[55.0,8.5,26.56606269])
(1.0,[50.0,8.0,25.61232478])
(1.0,[45.0,10.5,21.81429889])
(1.0,[75.0,9.5,20.88888889])
(0.0,[45.0,9.0,22.41129687])
(0.0,[21.0,7.5,23.56489773])
(1.0,[38.0,10.0,22.22213413])
(0.0,[30.0,9.0,21.43806974])
(1.0,[42.0,8.0,24.62589717])
(1.0,[50.0,8.0,24.13333289])
(0.0,[60.0,8.5,24.33823523])
(0.0,[23.0,8.0,22.1778656])
(0.0,[19.0,8.5,16.90481801])
(0.0,[21.0,8.0,15.28888978])
(1.0,[27.0,10.0,23.41718864])
(0.0,[18.0,8.5,23.23310706])
(0.0,[33.0,8.5,22.01612444])
(1.0,[39.0,8.5,21.74250062])
(1.0,[28.0,6.1999998,21.80847241])
(0.0,[33.0,9.5,23.71309989])
(0.0,[30.0,9.0,22.63647162])
(0.0,[65.0,10.0,21.2525587])
(0.0,[34.0,7.5,22.66696632])
(1.0,[32.0,9.5,22.6739336])
(0.0,[50.0,8.5,24.15572506])
(0.0,[29.0,8.0,21.46036279])
(0.0,[29.0,8.0,20.91134925])
(0.0,[19.0,9.5,20.76074524])
(0.0,[27.0,5.5999999,21.36859137])
(0.0,[23.0,8.5,20.91353059])
(1.0,[55.0,6.900000099999999,24.17067115])
(0.0,[27.0,9.0,18.79917477])
(0.0,[57.0,9.5,20.44836114])
(0.0,[60.0,8.5,16.08735185])
(0.0,[20.0,8.5,23.80314973])
(0.0,[35.0,9.5,24.17550362])
(0.0,[56.0,8.5,22.30814597])
(1.0,[62.0,11.0,22.70993091])
(0.0,[24.0,10.0,26.53784486])
(0.0,[27.0,11.0,19.14181802])
(0.0,[31.0,8.0,21.35326637])
(0.0,[26.0,9.5,23.76928799])
(0.0,[20.0,8.0,18.60541764])
(0.0,[37.0,11.2,18.70317633])
(1.0,[63.0,9.0,19.03550322])
(1.0,[57.0,8.5,21.06023413])
(0.0,[40.0,8.0,25.16384472])
(0.0,[40.0,5.5999999,23.56856074])
(0.0,[39.0,11.2,25.0293365])
(0.0,[30.0,8.0,24.04444356])
(1.0,[18.0,8.0,24.57403884])
(0.0,[50.0,11.2,23.00584213])
(0.0,[41.0,9.6000004,22.87557151])
(1.0,[26.0,9.5,21.92935559])
(0.0,[38.0,8.5,22.22213413])
(0.0,[27.0,10.0,19.65118987])
(1.0,[53.0,9.5,19.87318632])
(1.0,[45.0,12.5,21.26940695])
(1.0,[61.0,9.5,19.18573773])
(1.0,[57.0,9.0,21.35576995])
(0.0,[21.0,8.3999996,18.44260393])
(0.0,[57.0,8.0,23.51901343])
(0.0,[35.0,8.5,24.82055575])
(0.0,[30.0,7.4499998,21.90007516])
(0.0,[32.0,9.3999996,22.55163505])
(0.0,[29.0,9.0,22.25141091])
(0.0,[53.0,8.5,23.95740828])
(0.0,[45.0,9.3999996,22.07409972])
(0.0,[20.0,9.0,20.45142695])
(0.0,[45.0,9.5,24.42857517])
(0.0,[40.0,9.0,23.24027926])
(0.0,[32.0,7.0,23.1385071])
(0.0,[21.0,11.0,20.99421736])
(0.0,[35.0,12.0,19.91180406])
(0.0,[30.0,9.6000004,21.95732007])
(0.0,[60.0,10.5,18.56953236])
(1.0,[38.0,12.0,19.34681269])
(0.0,[30.0,12.5,20.649422])
(1.0,[30.0,9.5,19.43058745])
(0.0,[25.0,10.6,19.23976531])
(1.0,[55.0,9.5,21.78946589])
(0.0,[52.0,11.0,24.52009593])
(0.0,[47.0,8.0,20.47868754])
(1.0,[52.0,10.0,25.25336914])
(0.0,[45.0,10.5,21.95732007])
(0.0,[51.0,10.0,20.38197893])
(0.0,[42.0,12.0,21.8458628])
(0.0,[47.0,9.0,22.43608147])
(1.0,[68.0,11.0,18.95534878])
(1.0,[57.0,11.2,19.38286899])
(0.0,[48.0,12.2,20.62948096])
(0.0,[42.0,9.5,22.27972413])
(0.0,[18.0,10.0,18.7652452])
(1.0,[63.0,9.5,19.80966927])
(0.0,[25.0,9.0,21.2525587])
(0.0,[43.0,11.2,19.06855923])
(0.0,[37.0,9.5,17.99687771])
(1.0,[57.0,11.2,20.84571004])
(0.0,[58.0,10.0,20.18685237])
(1.0,[64.0,10.5,19.2481286])
(0.0,[18.0,9.0,18.32173649])
(0.0,[45.0,8.8999996,19.95427541])
(0.0,[43.0,10.0,21.50816931])
(0.0,[61.0,12.0,19.32665239])
(0.0,[50.0,9.0,21.25266308])
(1.0,[57.0,12.0,20.51021288])
(0.0,[33.0,9.5,21.59422891])
(0.0,[48.0,8.5,21.90039928])
(0.0,[23.0,10.5,19.0681423])
(0.0,[19.0,9.0,20.90577551])
(0.0,[47.0,8.8999996,21.28124056])
(0.0,[20.0,9.5,18.82975283])
(0.0,[45.0,10.0,20.76656686])
(0.0,[40.0,9.5,21.33679016])
(0.0,[31.0,9.5,20.02739269])
(0.0,[30.0,10.6,21.43347051])
(1.0,[43.0,9.5,19.47244226])
(0.0,[41.0,9.5,21.4650967])
(0.0,[22.0,9.0,19.0362883])
(0.0,[47.0,10.0,20.39935256])
(0.0,[62.0,8.0,20.0752389])
(0.0,[48.0,9.5,21.41540476])
(0.0,[25.0,9.6000004,19.36084044])
(1.0,[52.0,8.5,20.88151871])
(0.0,[43.0,8.5,21.70957414])
(0.0,[37.0,10.0,20.20093632])
(0.0,[33.0,12.0,21.78733406])
(0.0,[19.0,9.5,21.40288345])
(0.0,[45.0,10.0,21.40953606])
(0.0,[38.0,7.5500002,21.61393538])
(0.0,[57.0,9.0,21.6560489])
(0.0,[30.0,12.5,24.0609986])
(1.0,[64.0,11.0,20.77734386])
(1.0,[56.0,10.5,17.81596786])
(1.0,[70.0,9.0,17.65625039])
(1.0,[56.0,12.2,18.28285996])
(0.0,[47.0,10.0,20.64818989])
(0.0,[43.0,9.5,21.578001399999998])
(0.0,[62.0,9.5,18.30761928])
(1.0,[58.0,8.8999996,19.25123698])
(0.0,[62.0,11.0,19.22151001])
(0.0,[56.0,11.0,21.22364589])
(1.0,[62.0,12.5,18.59989344])
(1.0,[55.0,10.5,21.34004732])
(0.0,[45.0,9.0,23.3288141])
(0.0,[30.0,8.5,20.70342798])
(1.0,[57.0,9.5,19.53241015])
(0.0,[31.0,11.5,16.73298734])
(1.0,[65.0,11.5,17.74313123])
(0.0,[54.0,9.5,16.82886892])
(0.0,[36.0,13.0,20.57364732])
(0.0,[47.0,8.5,23.25329302])
(0.0,[20.0,10.0,25.99469103])
(0.0,[30.0,11.0,21.54066843])
(1.0,[68.0,8.5,21.98544799])
(0.0,[26.0,10.6,22.84685202])
(0.0,[35.0,10.5,22.58113898])
(1.0,[53.0,9.0,22.31066897])
(1.0,[30.0,8.5,25.75733668])
(0.0,[60.0,11.2,18.6485987])
(0.0,[55.0,9.5,21.74173337])
(1.0,[65.0,11.0,19.79337393])
(0.0,[57.0,8.5,18.99981235])
(0.0,[20.0,9.0,20.97742081])
(0.0,[37.0,10.6,22.80791132])
(1.0,[18.0,8.5,23.01530327])
(1.0,[45.0,9.5,22.14257033])
(0.0,[35.0,9.0,21.3330555])
(1.0,[37.0,10.0,24.59134049])
(0.0,[30.0,10.6,24.64432869])
(0.0,[44.0,9.5,22.1778656])
(0.0,[27.0,10.0,23.56455505])
(1.0,[37.0,8.8000002,24.55485946])
(0.0,[21.0,9.0,22.29589823])
(1.0,[40.0,11.0,22.21671315])
(0.0,[29.0,10.0,24.10945334])
(0.0,[39.0,9.5,24.14541474])
(0.0,[30.0,9.0,23.65724902])
(0.0,[40.0,11.0,22.37016108])
(1.0,[42.0,8.5,24.40219205])
(0.0,[35.0,6.5,22.29555965])
(0.0,[39.0,9.5,23.06320958])
(0.0,[56.0,9.0,24.77893307])
(0.0,[30.0,12.0,22.68016649])
(0.0,[27.0,10.5,23.240160600000003])
(1.0,[65.0,9.5,21.05170826])
(0.0,[57.0,10.6,25.41962198])
(0.0,[28.0,8.5,23.06526551])
(0.0,[59.0,8.5,18.179776])
(0.0,[20.0,8.5,18.73744591])
(0.0,[43.0,11.0,19.58337809])
(0.0,[34.0,8.5,25.83641516])
(1.0,[29.0,9.0,23.089099800000003])
(0.0,[50.0,10.5,23.42478851])
(0.0,[45.0,7.0,21.61566188])
(0.0,[28.0,9.0,20.40957367])
(0.0,[25.0,11.0,21.21614355])
(0.0,[37.0,8.8000002,26.42778488])
(0.0,[24.0,8.5,22.82405874])
(0.0,[29.0,9.5,22.99171653])
(0.0,[75.0,10.5,21.42739813])
(0.0,[35.0,9.0,24.500883399999996])
(0.0,[29.0,8.4499998,22.79760727])
(1.0,[52.0,10.0,22.1925962])
(0.0,[30.0,10.5,25.43083624])
(1.0,[53.0,8.5,22.04449186])
(1.0,[28.0,10.5,25.24386554])
(0.0,[42.0,9.0,24.6565369])
(0.0,[40.0,9.5,26.047683])
(0.0,[34.0,10.6,22.56567666])
(1.0,[70.0,9.5,20.55976729])
(1.0,[30.0,10.0,22.28101335])
(0.0,[23.0,8.75,19.70603701])
(0.0,[40.0,10.5,21.00399076])
(0.0,[23.0,9.0,24.44013478])
(0.0,[29.0,8.5,23.24562347])
(0.0,[39.0,10.0,20.53639148])
(0.0,[35.0,9.5,23.63868493])
(1.0,[40.0,9.5,25.07526084])
(1.0,[62.0,10.6,23.16518052])
(0.0,[27.0,9.0,24.81333339])
(0.0,[27.0,3.0999999,22.75611492])
(0.0,[22.0,10.0,22.45396766])
(0.0,[33.0,7.5,22.8769487])
(0.0,[50.0,8.1000004,23.95539327])
(0.0,[47.0,10.5,21.91011782])
(0.0,[27.0,9.0,22.31066897])
(0.0,[45.0,10.0,21.65699017])
(1.0,[32.0,12.0,21.55970111])
(1.0,[75.0,11.5,20.26935724])
(1.0,[35.0,8.1000004,22.37793665])
(0.0,[19.0,12.0,20.83893416])
(1.0,[50.0,8.8000002,21.91134108])
(0.0,[23.0,12.5,20.61522735])
(0.0,[22.0,10.0,20.41514115])
(0.0,[22.0,11.0,22.40417641])
(0.0,[40.0,8.1499996,21.24887981])
(0.0,[35.0,9.0,22.43154686])
(0.0,[40.0,9.5,23.67017168])
(0.0,[45.0,8.1499996,20.92194916])
(0.0,[19.0,9.5,20.36114972])
(0.0,[48.0,9.0,23.89588426])
(0.0,[20.0,9.0,21.40953606])
(0.0,[27.0,8.5,20.75145086])
(0.0,[33.0,10.0,24.28338595])
(0.0,[30.0,9.5,21.89821216])
(0.0,[30.0,9.0,24.09355515])
(0.0,[60.0,10.0,20.58864784])
(0.0,[23.0,11.9,23.34314424])
(0.0,[21.0,9.0,22.43154686])
(0.0,[58.0,9.0,22.4580749])
(0.0,[23.0,10.5,21.35263651])
(0.0,[31.0,9.0,22.59368968])
(0.0,[33.0,9.5,22.34949314])
(0.0,[27.0,10.5,21.49818883])
(0.0,[59.0,9.0,19.98228702])
(0.0,[40.0,10.0,22.70940694])
(0.0,[29.0,8.5,22.846655600000002])
(0.0,[45.0,10.6,20.80210047])
(0.0,[25.0,9.5,21.02691933])
(0.0,[18.0,9.5,17.65010147])
(1.0,[50.0,11.2,23.64675])
(0.0,[38.0,10.0,21.64350535])
(0.0,[51.0,10.0,22.07348232])
(0.0,[24.0,9.5,22.53200496])
(1.0,[27.0,10.5,22.51769013])
(0.0,[45.0,10.6,20.97107096])
(0.0,[25.0,12.5,27.06777193])
(1.0,[33.0,12.5,23.58541558])
(0.0,[23.0,9.0,23.13440337])
(0.0,[35.0,10.0,23.79674992])
(0.0,[37.0,9.0,23.197204199999998])
(0.0,[33.0,9.0,22.00394146])
(0.0,[30.0,8.5,26.22346404])
(0.0,[40.0,11.2,22.41081968])
(0.0,[18.0,8.5,20.664467000000002])
(0.0,[49.0,9.0,21.48652013])
(0.0,[25.0,8.5,21.425325])
(0.0,[23.0,9.5,19.13636976])
(0.0,[65.0,6.5,23.96639225])
(0.0,[33.0,10.5,21.49818883])
(0.0,[60.0,9.5,22.62439771])
(0.0,[55.0,10.5,23.55002795])
(1.0,[45.0,6.75,22.70637057])
(0.0,[27.0,8.5,21.40953606])
(1.0,[48.0,10.0,22.0])
(0.0,[46.0,8.5,21.45284294])
(0.0,[19.0,12.5,18.50838761])
(0.0,[29.0,9.0,22.0])
(0.0,[35.0,11.25,21.96867768])
(0.0,[30.0,12.5,23.19820929])
(0.0,[49.0,9.0,23.36681326])
(1.0,[27.0,8.5,23.71385263])
(0.0,[26.0,9.6999998,23.23870477])
(0.0,[23.0,10.5,23.24027926])
(0.0,[54.0,9.0,21.06983383])
(0.0,[33.0,8.5,22.08235215])
(0.0,[29.0,10.5,22.43498681])
(0.0,[25.0,10.5,23.05722225])
(1.0,[45.0,8.25,20.98974317])
(0.0,[40.0,10.5,21.64666099])
(1.0,[33.0,11.0,25.40201719])
(0.0,[30.0,7.900000099999999,22.55008423])
(0.0,[33.0,7.5,23.75364251])
(0.0,[29.0,9.5,22.58424343])
(0.0,[35.0,10.0,22.43714647])
(1.0,[53.0,10.5,18.73529107])
(1.0,[60.0,7.650000099999999,24.06910582])
(0.0,[25.0,11.0,25.37559842])
(0.0,[47.0,12.0,18.66378717])
(0.0,[43.0,10.0,21.90096866])
(0.0,[21.0,10.5,20.52301281])
(1.0,[30.0,12.5,22.9112426])
(0.0,[27.0,9.5,20.89589435])
(0.0,[65.0,10.6,24.14940821])
(0.0,[37.0,10.0,20.45389256])
(0.0,[30.0,11.0,21.425325])
(0.0,[55.0,10.0,22.82623093])
(0.0,[45.0,9.0,21.57087844])
(0.0,[46.0,10.0,23.20017132])
(0.0,[39.0,10.0,22.71582265])
(0.0,[19.0,9.0,13.80095572])
(1.0,[50.0,9.0,24.28338595])
(0.0,[22.0,8.1000004,23.99705545])
(0.0,[25.0,10.0,21.34618052])
(0.0,[43.0,6.5,21.54765929])
(0.0,[35.0,9.0,21.64127424])
(0.0,[45.0,8.5,22.72309693])
(0.0,[19.0,9.5,21.79720029])
(1.0,[43.0,9.3999996,21.72855006])
(0.0,[23.0,10.5,25.05106756])
(0.0,[20.0,10.5,24.68860672])
(0.0,[40.0,9.0,24.99848006])
(0.0,[22.0,9.0,22.38385934])
(0.0,[23.0,8.5,20.85056566])
(0.0,[18.0,9.0,23.65147157])
(0.0,[30.0,9.5,21.06640883])
(0.0,[23.0,8.5,21.40782262])
(1.0,[75.0,11.2,19.55555556])
(0.0,[47.0,9.6999998,22.08413974])
(0.0,[20.0,8.5,17.96052072])
(0.0,[33.0,8.8000002,21.43806974])
(0.0,[29.0,9.0,21.43863445])
(0.0,[36.0,10.0,21.78733406])
(0.0,[32.0,9.5,21.86519027])
(0.0,[40.0,8.8000002,21.85461554])
(1.0,[63.0,11.5,22.9676884])
(0.0,[30.0,11.5,20.17934678])
(0.0,[27.0,12.5,25.16213599])
(1.0,[60.0,9.3999996,22.64702621])
(0.0,[53.0,12.5,20.80210047])
(0.0,[29.0,12.0,17.23717662])
(0.0,[24.0,10.5,14.97793333])
(0.0,[35.0,9.3500004,21.52078351])
(0.0,[29.0,10.0,22.56116006])
(0.0,[22.0,9.0,20.93838449])
(0.0,[20.0,9.5,16.63107034])
(0.0,[19.0,10.5,16.93703389])
(1.0,[35.0,7.5,22.92005235])
(0.0,[27.0,9.0,22.75311579])
(1.0,[40.0,9.0,23.86394273])
(0.0,[37.0,10.0,22.66538311])
(0.0,[23.0,9.5,25.44321819])
(0.0,[27.0,11.0,23.84869874])
(1.0,[43.0,9.0,23.66603166])
(0.0,[25.0,8.5,25.91950012])
(0.0,[27.0,10.65,22.11268689])
(0.0,[27.0,10.0,22.61597243])
(0.0,[23.0,11.5,21.19904972])
(0.0,[47.0,8.8000002,21.58786654])
(0.0,[23.0,9.5,20.31864503])
(0.0,[37.0,9.0,21.78888036])
(0.0,[33.0,8.5,20.8288841])
(1.0,[48.0,10.0,23.18114113])
(1.0,[47.0,10.5,22.90723623])
(1.0,[40.0,10.6,21.21472709])
(0.0,[19.0,12.0,18.886582500000003])
(1.0,[51.0,8.1000004,23.67455874])
(0.0,[42.0,10.0,21.18741492])
(0.0,[37.0,11.0,22.80168011])
(0.0,[40.0,9.5,22.99228087])
(0.0,[35.0,10.5,19.61183452])
(0.0,[36.0,8.1499996,21.72643107])
(0.0,[40.0,9.5,22.34949314])
(0.0,[35.0,11.5,22.01657866])
(1.0,[36.0,8.5,16.08465689])
(0.0,[34.0,8.5,18.03034486])
(0.0,[60.0,12.5,14.3239041])
(0.0,[24.0,12.5,16.54206587])
(1.0,[45.0,10.5,21.49118631])
(0.0,[53.0,11.0,21.73336316])
(0.0,[24.0,12.0,23.25526229])
(0.0,[21.0,9.0,23.22460668])
(0.0,[21.0,11.5,19.34423104])
(1.0,[37.0,11.5,20.89490156])
(0.0,[22.0,10.5,19.29839026])
(0.0,[19.0,9.0,20.42455849])
(0.0,[26.0,11.0,19.29329141])
(0.0,[47.0,10.0,21.36089357])
(0.0,[20.0,12.0,13.42148541])
(1.0,[50.0,10.5,24.64149927])
(0.0,[30.0,10.0,21.39669587])
(0.0,[37.0,10.95,21.0941159])
(0.0,[18.0,10.0,18.06060631])
(0.0,[35.0,10.6,19.94754917])
(0.0,[30.0,11.5,21.21614355])
(0.0,[23.0,10.5,20.04330669])
(1.0,[43.0,11.0,22.40077844])
(0.0,[20.0,8.1000004,18.90650807])
(0.0,[24.0,10.5,20.45144619])
(0.0,[36.0,9.0,21.89984385])
(0.0,[18.0,9.0,16.74516014])
(0.0,[47.0,11.9,23.15862821])
(0.0,[20.0,9.5,18.83338193])
(1.0,[37.0,10.0,22.28074379])
(0.0,[34.0,11.0,21.62760373])
(0.0,[47.0,12.0,19.04033793])
(1.0,[30.0,9.0,18.46213894])
(0.0,[64.0,12.0,14.28410893])
(0.0,[32.0,11.0,17.64919842])
(0.0,[45.0,10.3,21.74174194])
(0.0,[35.0,10.5,22.32577451])
(0.0,[33.0,10.0,21.39438169])
(0.0,[38.0,13.0,23.55981216])
(0.0,[35.0,9.0,21.60142688])
(0.0,[30.0,10.5,20.27714749])
(0.0,[27.0,9.0,20.89411817])
(0.0,[35.0,10.0,22.31584408])
(0.0,[70.0,12.0,23.6684331])
(0.0,[63.0,11.0,22.27408994])
(0.0,[57.0,8.5,17.01874736])
(1.0,[35.0,11.5,19.86383253])
(0.0,[30.0,9.5,18.45950519])
(0.0,[33.0,12.0,23.18108246])
(0.0,[28.0,8.5,17.22594155])
(1.0,[53.0,9.0,19.10885553])
(0.0,[22.0,10.5,18.88155831])
(0.0,[33.0,11.5,21.60239247])
(0.0,[30.0,12.0,21.37407212])
(1.0,[67.0,10.5,18.92867857])
(0.0,[43.0,10.5,21.82763882])
(0.0,[37.0,9.5,20.58526759])
(0.0,[33.0,10.5,20.67952213])
(0.0,[28.0,12.0,18.83597902])
(0.0,[32.0,8.5,20.05556233])
(0.0,[28.0,10.0,20.97242198])
(1.0,[51.0,8.5,16.22770657])
(0.0,[34.0,8.5,22.29110008])
(0.0,[31.0,10.0,21.22899927])
(0.0,[53.0,9.0,21.23818965])
(0.0,[47.0,7.0,20.93863983])
(0.0,[50.0,9.0,23.34314424])
(0.0,[33.0,9.0,21.74250062])
(1.0,[53.0,7.5,23.79416338])
(0.0,[23.0,10.0,24.55669493])
(0.0,[20.0,9.5,17.82192813])
(0.0,[47.0,8.5,22.18297801])
(0.0,[19.0,10.0,12.70462631])
(0.0,[18.0,10.5,12.7606923])
(0.0,[45.0,11.0,21.16628758])
(0.0,[50.0,11.5,17.8482568])
(1.0,[50.0,10.5,19.05576635])
(0.0,[47.0,10.0,21.36133614])
(0.0,[42.0,9.5,19.27384621])
(1.0,[55.0,9.0,19.82448605])
(1.0,[65.0,9.5,19.06213321])
(1.0,[60.0,8.5,20.703920899999996])
(0.0,[27.0,12.5,18.93700212])
(0.0,[26.0,10.0,21.02914146])
(0.0,[46.0,9.0,21.0164486])
(0.0,[25.0,11.0,22.96274904])
(1.0,[70.0,8.5,24.86641678])
(1.0,[43.0,9.5,22.78406518])
(1.0,[32.0,9.5,22.2802715])
(0.0,[26.0,9.0,17.69809872])
(1.0,[55.0,11.5,20.78067211])
(1.0,[52.0,10.0,20.04330669])
(0.0,[19.0,12.0,17.23170525])
(0.0,[18.0,9.0,16.82331271])
(0.0,[54.0,9.0,20.33776201])
(0.0,[47.0,8.0,18.49174918])
(0.0,[40.0,11.0,19.38282414])
(0.0,[50.0,9.5,22.12055369])
(0.0,[25.0,11.0,21.48245631])
(1.0,[32.0,8.0,22.72353674])
(0.0,[27.0,10.0,18.67959761])
(0.0,[21.0,9.0,20.14312023])
(0.0,[35.0,9.5,20.02845524])
(0.0,[19.0,8.5,21.55267945])
(1.0,[53.0,10.0,27.39356801])
(0.0,[26.0,8.5,17.66864847])
(0.0,[25.0,9.5,18.85168499])
(0.0,[34.0,11.5,17.98322667])
(0.0,[31.0,10.5,16.10298329])
(0.0,[50.0,9.0,19.90472132])
(0.0,[35.0,10.5,28.20563252])
(0.0,[25.0,10.5,18.29865011])
(0.0,[52.0,8.5,22.0683905])
(0.0,[48.0,7.5,19.31274201])
(1.0,[47.0,10.5,18.34826925])
(0.0,[42.0,8.5,20.42176624])
(0.0,[23.0,9.5,21.20080434])
(0.0,[56.0,8.5,19.64186983])
(0.0,[39.0,9.0,21.19638534])
(0.0,[26.0,9.5,19.95555644])
(0.0,[33.0,9.0,19.19441706])
(1.0,[55.0,12.0,20.97050588])
(0.0,[50.0,9.5,18.73767176])
(0.0,[20.0,12.2,17.23997659])
(1.0,[69.0,12.0,20.05458684])
(1.0,[56.0,11.0,20.57372347])
(1.0,[34.0,8.8000002,21.70455862])
(1.0,[29.0,11.5,24.1177802])
(0.0,[46.0,7.0,21.27103501])
(0.0,[38.0,9.0,21.09925248])
(0.0,[45.0,9.3000002,18.3950831])
(1.0,[61.0,10.5,22.59687438])
(1.0,[45.0,13.5,27.57812422])
(1.0,[30.0,11.0,21.0213409])
(0.0,[48.0,10.0,19.69372211])
(1.0,[41.0,11.0,20.93096985])
(0.0,[21.0,9.0,19.50922154])
(0.0,[33.0,8.5,21.08007858])
(0.0,[40.0,8.5,21.36426636])
(1.0,[47.0,6.5,22.07769127])
(1.0,[65.0,9.5,17.79881657])
(0.0,[32.0,11.0,16.68795278])
(0.0,[32.0,10.0,22.55412592])
(0.0,[30.0,11.5,21.02884755])
(1.0,[44.0,10.5,19.67250744])
(0.0,[63.0,13.0,16.53711401])
(0.0,[41.0,8.0,18.93929416])
(0.0,[32.0,8.5,16.51537068])
(0.0,[53.0,9.5,17.54239193])
(0.0,[34.0,9.5,25.32479906])
(0.0,[30.0,9.5,18.85907363])
(0.0,[31.0,8.5,19.82623984])
(0.0,[24.0,9.5,16.95935498])
(1.0,[56.0,9.0,23.27602326])
(1.0,[52.0,10.0,22.78752609])
(0.0,[38.0,9.5,21.74472232])
(0.0,[30.0,10.0,19.62927244])
(0.0,[26.0,8.5,20.79904217])
(1.0,[37.0,8.5,20.47200417])
(0.0,[42.0,10.5,20.59475154])
(1.0,[40.0,9.0,22.0])
(1.0,[40.0,10.5,20.63961301])
(0.0,[31.0,8.5,21.23115084])
(1.0,[21.0,10.5,18.16517013])
(0.0,[49.0,11.0,20.36226357])
(0.0,[35.0,9.0,19.33408085])
(1.0,[39.0,8.0,23.80483883])
(1.0,[71.0,8.0,17.88504437])
(0.0,[51.0,10.5,19.87576343])
(0.0,[33.0,11.5,18.30670469])
(0.0,[21.0,10.6,17.67134097])
(0.0,[60.0,10.0,18.10160744])
(0.0,[27.0,8.5,21.27341158])
(0.0,[23.0,8.0,17.18387672])
(0.0,[47.0,8.5,19.90310923])
(0.0,[22.0,9.5,20.63996009])
(1.0,[55.0,8.5,20.77562327])
(0.0,[22.0,10.0,21.4248615])
(0.0,[21.0,8.5,22.35958076])
(0.0,[22.0,8.5,21.35930625])
(0.0,[19.0,10.0,20.20962107])
(0.0,[21.0,10.0,21.43086044])
(1.0,[65.0,8.5,21.05170826])
(0.0,[24.0,8.0,19.47714681])
(1.0,[57.0,5.0,20.39384238])
(0.0,[19.0,8.5,19.9099723])
(1.0,[60.0,9.5,20.54569362])
(0.0,[57.0,9.0,21.00785141])
(0.0,[59.0,8.5,21.15004165])
(0.0,[49.0,10.0,21.21120322])
(0.0,[34.0,6.900000099999999,21.20844875])
(0.0,[50.0,8.5,23.6809603])
(0.0,[37.0,8.5,20.504934])
(0.0,[29.0,11.0,20.34279778])
(1.0,[45.0,9.5,22.0703125])
(1.0,[40.0,6.900000099999999,22.48857791])
(1.0,[65.0,8.0,21.8435624])
(0.0,[56.0,8.5,21.05170826])
(0.0,[25.0,10.0,21.36752137])
(0.0,[45.0,7.5,21.04738743])
(0.0,[21.0,8.5,20.34279778])
(1.0,[55.0,8.5,22.37567995])
(0.0,[48.0,9.0,20.23950076])
(0.0,[20.0,11.5,19.9099723])
(0.0,[18.0,8.5,20.54569362])
(1.0,[71.0,9.0,20.39542144])
(1.0,[56.0,8.5,21.05170826])
(0.0,[43.0,7.5,19.9099723])
(0.0,[53.0,8.5,22.806048])
(0.0,[46.0,8.5,20.17455375])
(0.0,[37.0,8.0,23.14725512])
(0.0,[35.0,8.0,21.08281329])
(0.0,[44.0,8.5,22.66120208])
(1.0,[37.0,9.0,21.4248615])
(0.0,[36.0,5.5999999,20.04160812])
(0.0,[52.0,8.5,22.13256257])
(0.0,[47.0,8.5,21.50446956])
(0.0,[35.0,8.5,21.4248615])
(1.0,[48.0,8.5,23.14725512])
(0.0,[40.0,8.5,21.2203843])
(1.0,[59.0,8.5,22.43230252])
(1.0,[50.0,9.5,22.12824085])
(0.0,[53.0,8.5,22.44322588])
(0.0,[21.0,9.5,21.99154629])
(0.0,[45.0,8.5,20.55921053])
(0.0,[21.0,8.5,22.718974399999997])
(1.0,[45.0,9.0,23.560373000000002])
(0.0,[35.0,8.5,21.49959688])
(0.0,[29.0,8.5,22.94213045])
(0.0,[55.0,6.900000099999999,20.66115702])
(0.0,[58.0,10.0,22.63259093])
(0.0,[46.0,9.5,20.36959374])
(1.0,[35.0,8.5,20.613131])
(1.0,[45.0,8.5,23.733238399999998])
(0.0,[35.0,8.5,22.2136785])
(0.0,[44.0,10.5,21.47142559])
(0.0,[48.0,8.5,19.77962913])
(0.0,[49.0,10.0,18.78161099])
(1.0,[42.0,12.0,21.57122501])
(0.0,[24.0,10.0,21.008880800000004])
(1.0,[35.0,10.5,18.63149827])
(0.0,[67.0,8.199999799999999,19.00195119])
(0.0,[55.0,8.5,20.80210047])
(0.0,[23.0,8.5,18.03142637])
(1.0,[55.0,10.5,30.256714799999997])
(1.0,[51.0,10.0,29.67413339])
(0.0,[28.0,10.0,28.04423047])
(1.0,[24.0,12.0,28.42932566])
(0.0,[55.0,6.4000001,28.02561285])
(1.0,[45.0,7.5,22.88348216])
(1.0,[65.0,9.5,22.13885928])
(0.0,[24.0,10.0,22.07409972])
(0.0,[34.0,10.6,20.36870898])
(0.0,[39.0,12.5,21.77384438])
(1.0,[52.0,9.0,20.93096985])
(0.0,[56.0,8.5,23.13990744])
(0.0,[45.0,9.0,20.63961301])
(0.0,[75.0,13.0,16.46837515])
(1.0,[63.0,11.0,18.83030199])
(1.0,[33.0,10.0,20.01120628])
(0.0,[31.0,8.5,20.88294018])
(0.0,[43.0,8.5,21.43124787])
(1.0,[75.0,8.5,20.28479857])
(0.0,[35.0,8.5,23.046875])
(0.0,[32.0,9.5,20.923298499999998])
(0.0,[55.0,8.5,21.95312539])
(0.0,[46.0,11.0,21.64127424])
(1.0,[54.0,9.0,20.8038415])
(0.0,[29.0,8.0,18.93551509])
(0.0,[28.0,9.0,18.75200009])
(0.0,[22.0,11.2,20.99886283])
(1.0,[65.0,8.0,19.86882764])
(0.0,[23.0,10.5,18.10177477])
(0.0,[33.0,12.0,19.70070085])
(0.0,[28.0,12.5,18.0647925])
(0.0,[29.0,13.0,19.21421154])
(0.0,[31.0,11.0,21.895770000000002])
(1.0,[24.0,11.0,20.33992609])
(0.0,[22.0,11.5,20.7156515])
(1.0,[47.0,10.0,23.83208661])
(0.0,[45.0,8.5,21.28728573])
(0.0,[40.0,6.1999998,24.70382761])
(0.0,[33.0,15.0,20.32210584])
(1.0,[35.0,11.0,23.4099246])
(0.0,[25.0,9.0,21.76414492])
(1.0,[65.0,10.0,19.602980600000002])
(0.0,[42.0,7.5,174.84800769999998])
(1.0,[44.0,8.5,25.65282874])
(0.0,[24.0,8.0,26.21715017])
(1.0,[37.0,11.2,23.83208661])
(0.0,[20.0,8.0,21.94280161])
(0.0,[29.0,8.5,21.39775792])
(0.0,[52.0,9.0,22.81949308])
(0.0,[32.0,10.0,23.56476868])
(1.0,[28.0,8.0,26.34952729])
(0.0,[25.0,10.0,21.59463712])
(1.0,[40.0,8.5,24.28126462])
(0.0,[33.0,8.0,21.65707036])
(0.0,[45.0,8.5,24.76276885])
(0.0,[19.0,8.0,18.13162493])
(0.0,[45.0,10.5,22.7620258])
(0.0,[20.0,9.5,27.0909407])
(0.0,[40.0,11.0,25.14102161])
(0.0,[40.0,8.5,24.53925255])
(0.0,[28.0,9.5,19.16785191])
(0.0,[24.0,10.0,20.73397266])
(1.0,[34.0,12.5,19.20657407])
(0.0,[27.0,10.5,21.43124787])
(0.0,[49.0,11.2,19.96440738])
(0.0,[31.0,10.0,21.46148187])
(0.0,[22.0,10.0,19.0516835])
(0.0,[21.0,10.6,18.61807312])
(0.0,[50.0,8.5,25.10387812])
(0.0,[25.0,9.0,27.37866247])
(0.0,[27.0,8.5,22.84159144])
(0.0,[50.0,9.5,21.11643199])
(0.0,[35.0,8.5,22.07409972])
(0.0,[37.0,9.5,21.46814318])
(0.0,[29.0,9.5,21.49959688])
(0.0,[35.0,8.5,19.73815578])
(0.0,[30.0,9.0,21.60843849])
(0.0,[20.0,10.6,18.61699054])
(1.0,[55.0,9.5,20.57174832])
(0.0,[22.0,9.0,18.374651699999998])
(0.0,[20.0,9.0,18.79663365])
(0.0,[43.0,9.0,18.57708669])
(0.0,[54.0,10.5,21.279604])
(0.0,[20.0,11.0,18.75382793])
(0.0,[31.0,9.0,20.04023269])
(0.0,[27.0,8.5,20.59475154])
(1.0,[62.0,9.0,20.0625606])
(0.0,[49.0,9.5,20.59959293])
(0.0,[44.0,10.0,21.15474641])
(1.0,[54.0,8.0,20.88424987])
(0.0,[30.0,10.0,19.62927244])
(1.0,[61.0,10.0,20.75645124])
(0.0,[30.0,10.5,20.85504495])
(0.0,[44.0,9.5,21.64895053])
(0.0,[44.0,11.0,21.05701086])
(1.0,[44.0,10.0,21.63044633])
(0.0,[23.0,8.5,18.5411591])
(0.0,[47.0,10.0,20.33757387])
(0.0,[39.0,10.5,21.52342574])
(1.0,[37.0,9.5,21.26053012])
(0.0,[30.0,9.0,19.82306481])
(0.0,[25.0,10.0,20.58465008])
(0.0,[27.0,11.0,21.12057297])
(1.0,[60.0,11.0,18.35951251])
(0.0,[50.0,9.5,19.93576667])
(0.0,[42.0,8.5,23.26299101])
(0.0,[25.0,10.5,19.5462891])
(1.0,[60.0,8.5,20.27903024])
(0.0,[22.0,8.0,18.27745662])
(0.0,[45.0,12.0,20.23820668])
(0.0,[30.0,9.5,21.69592029])
(0.0,[33.0,12.5,20.23634983])
(0.0,[30.0,10.5,21.78733406])
(0.0,[30.0,10.0,22.32625402])
(0.0,[28.0,9.0,19.80824951])
(0.0,[20.0,10.0,18.19121908])
(0.0,[54.0,10.5,20.90577551])
(0.0,[51.0,11.0,19.88009557])
(0.0,[40.0,9.0,22.11048422])
(1.0,[41.0,10.5,20.33757387])
(1.0,[65.0,9.5,18.67988476])
(1.0,[64.0,10.0,18.90108092])
(0.0,[19.0,13.0,19.07506637])
(1.0,[55.0,9.5,19.83280754])
(0.0,[51.0,10.0,20.66910266])
(0.0,[23.0,11.5,18.80657294])
(0.0,[45.0,12.0,20.63276135])
(1.0,[60.0,9.5,19.84644912])
(0.0,[22.0,8.0,18.70278048])
(0.0,[20.0,10.0,18.39606852])
(0.0,[18.0,8.0,18.07731017])
(0.0,[47.0,10.6,19.74345371])
(0.0,[39.0,10.0,21.24826555])
(0.0,[43.0,9.0,21.66843304])
(1.0,[27.0,10.5,18.70278048])
(0.0,[25.0,11.0,20.62970091])
(0.0,[32.0,8.5,21.69748893])
(0.0,[43.0,8.0,18.82975283])
(0.0,[30.0,8.5,21.90039928])
(0.0,[35.0,10.5,21.10862647])
(0.0,[35.0,11.0,21.73966338])
(1.0,[55.0,9.5,20.98069118])
(0.0,[33.0,13.0,19.56490252])
(1.0,[54.0,8.5,21.54333733])
(0.0,[24.0,10.6,18.93150581])
(1.0,[41.0,11.5,19.54047105])
(0.0,[37.0,10.0,21.22001188])
(0.0,[23.0,9.5,20.93770995])
(0.0,[30.0,10.5,21.07149885])
(0.0,[46.0,10.0,19.66394154])
(0.0,[40.0,10.0,21.38678494])
(1.0,[60.0,11.5,18.7834312])
(0.0,[54.0,10.0,21.38516008])
(0.0,[33.0,10.5,19.94146583])
(1.0,[40.0,10.0,19.4895671])
(0.0,[35.0,11.2,21.75343099])
(0.0,[32.0,13.0,18.23080775])
(0.0,[30.0,11.0,21.33226794])
(0.0,[28.0,11.2,18.85094233])
(1.0,[65.0,10.0,20.49176446])
(0.0,[27.0,13.0,20.225624300000003])
(0.0,[26.0,9.5,22.1526465])
(0.0,[39.0,11.0,20.08809621])
(0.0,[32.0,8.5,21.295955])
(0.0,[36.0,9.0,23.2341169])
(0.0,[32.0,8.0,23.30143429])
(1.0,[70.0,8.5,22.84444533])
(0.0,[27.0,8.5,23.09025243])
(0.0,[19.0,11.5,15.77955136])
(1.0,[40.0,9.0,24.11650423])
(0.0,[50.0,9.5,24.07479725])
(0.0,[18.0,8.5,21.55812615])
(0.0,[30.0,10.0,21.30842903])
(0.0,[18.0,9.0,20.96846719])
(1.0,[32.0,9.0,24.97469535])
(0.0,[36.0,9.5,24.19728071])
(0.0,[26.0,8.0,22.64466895])
(0.0,[18.0,5.0,23.09400919])
(0.0,[30.0,10.0,23.14725512])
(0.0,[30.0,10.0,21.62760373])
(1.0,[43.0,6.900000099999999,23.69719952])
(0.0,[45.0,9.0,21.85746673])
(1.0,[50.0,8.0,24.51647431])
(0.0,[35.0,8.0,25.62988516])
(0.0,[40.0,8.0,24.500883399999996])
(1.0,[86.0,9.0,18.69993467])
(0.0,[44.0,8.5,20.43735142])
(0.0,[40.0,10.0,21.98577573])
(1.0,[52.0,10.0,20.35141038])
(0.0,[52.0,9.5,19.17638905])
(0.0,[30.0,9.0,20.43604016])
(0.0,[24.0,9.0,20.70913233])
(0.0,[31.0,9.0,19.06398766])
(0.0,[22.0,8.5,20.26101922])
(1.0,[66.0,10.0,19.20975343])
(1.0,[42.0,8.5,20.80553442])
(0.0,[39.0,10.6,22.05076653])
(0.0,[35.0,9.0,22.49098116])
(0.0,[26.0,8.0,22.38471208])
(0.0,[28.0,9.5,22.36763026])
(0.0,[55.0,12.5,26.08288148])
(1.0,[56.0,10.5,21.4603763])
(0.0,[18.0,10.5,19.61482316])
(1.0,[43.0,11.0,21.37932307])
(0.0,[40.0,10.6,25.22795447])
(0.0,[20.0,12.5,19.83102482])
(0.0,[19.0,8.5,18.89803788])
(0.0,[31.0,9.5,22.81897815])
(0.0,[70.0,10.6,20.44444444])
(0.0,[21.0,11.0,21.72855006])
(1.0,[30.0,9.0,21.14661561])
(0.0,[34.0,10.6,18.68307779])
(0.0,[29.0,8.0,21.90039928])
(1.0,[52.0,10.0,18.59472603])
(0.0,[47.0,10.0,22.34073043])
(1.0,[70.0,10.0,17.45927926])
(1.0,[62.0,10.5,20.07107685])
(0.0,[36.0,10.0,20.89392579])
(0.0,[36.0,10.0,18.47174141])
(0.0,[32.0,11.2,21.45284294])
(0.0,[50.0,8.5,22.63259093])
(0.0,[41.0,7.5,20.93212012])
(0.0,[47.0,8.5,23.1046004])
(0.0,[41.0,9.0,20.55921053])
(0.0,[53.0,8.5,21.98389218])
(0.0,[38.0,8.0,20.77562327])
(0.0,[55.0,9.5,21.40624961])
(0.0,[40.0,8.5,21.06960494])
(0.0,[42.0,10.0,21.47054031])
(0.0,[30.0,8.5,20.88539904])
(0.0,[55.0,9.5,20.78863112])
(1.0,[64.0,13.0,18.7644391])
(0.0,[59.0,8.5,20.36538304])
(0.0,[39.0,8.0,20.36826206])
(0.0,[33.0,10.0,20.84396585])
(0.0,[29.0,10.0,18.28473461])
(0.0,[26.0,9.0,18.93150581])
(0.0,[38.0,9.0,22.69091466])
(0.0,[19.0,3.0999999,18.32963265])
(1.0,[69.0,8.5,19.87318632])
(0.0,[56.0,11.0,21.26410347])
(1.0,[59.0,10.6,19.51660722])
(1.0,[54.0,8.0,21.96702431])
(0.0,[42.0,9.0,20.05509568])
(0.0,[35.0,9.0,21.70802964])
(1.0,[55.0,8.5,21.28124056])
(0.0,[40.0,9.5,20.37470452])
(0.0,[34.0,8.5,21.47626984])
(0.0,[36.0,10.6,20.89315338])
(0.0,[29.0,10.0,21.7043825])
(0.0,[39.0,9.5,21.4650967])
(1.0,[56.0,10.0,22.63467978])
(0.0,[30.0,9.5,26.37896692])
(0.0,[27.0,9.0,21.63490041])
(0.0,[23.0,8.5,25.24115504])
(0.0,[25.0,10.0,27.0909407])
(0.0,[22.0,9.5,24.6278307])
(0.0,[40.0,8.5,25.44916795])
(0.0,[33.0,9.5,24.98948167])
(1.0,[46.0,8.0,21.85731518])
(0.0,[29.0,8.5,20.42483735])
(0.0,[24.0,8.5,18.40337728])
(1.0,[54.0,9.5,20.32519742])
(0.0,[40.0,13.0,20.51021288])
(0.0,[60.0,9.5,24.41034703])
(0.0,[35.0,10.5,26.01068382])
(0.0,[40.0,12.0,26.06680605])
(0.0,[34.0,9.5,24.46804217])
(0.0,[35.0,9.5,18.89803788])
(0.0,[25.0,11.2,21.13769129])
(0.0,[35.0,13.0,19.46508951])
(0.0,[29.0,9.5,20.32475086])
(0.0,[40.0,10.0,19.43891283])
(0.0,[35.0,9.0,21.9263087])
(0.0,[63.0,9.0,18.97596832])
(0.0,[44.0,10.0,21.74250062])
(0.0,[27.0,8.5,18.46930317])
(0.0,[19.0,8.0,21.74241262])
(1.0,[62.0,10.0,18.45348574])
(1.0,[58.0,8.0,20.691385699999998])
(0.0,[60.0,8.5,21.69156411])
(0.0,[32.0,10.0,20.36915948])
(0.0,[45.0,11.0,21.44295027])
(0.0,[37.0,9.5,20.09810071])
(0.0,[18.0,10.0,21.67097711])
(0.0,[30.0,10.0,22.16937231])
(1.0,[56.0,9.5,24.108548499999998])
(1.0,[25.0,11.0,26.13325487])
(0.0,[23.0,10.5,22.29555965])
(0.0,[20.0,10.5,25.53159256])
(0.0,[18.0,10.0,21.85279769])
(1.0,[37.0,10.0,29.18708585])
(0.0,[33.0,12.0,26.74103789])
(0.0,[30.0,10.0,26.3844817])
(0.0,[27.0,10.6,22.31097815])
(0.0,[25.0,11.0,23.86055825])
(0.0,[46.0,9.0,23.21243922])
(0.0,[30.0,10.0,24.56829521])
(0.0,[60.0,10.5,23.13440337])
(1.0,[32.0,10.5,26.07408266])
(0.0,[28.0,10.0,26.83447379])
(0.0,[55.0,11.9,25.76267323])
(1.0,[21.0,11.0,25.89695645])
(0.0,[18.0,8.5,21.601340899999997])
(0.0,[20.0,11.5,21.9616426])
(0.0,[56.0,9.5,19.662660199999998])
(0.0,[35.0,9.5,21.40608352])
(0.0,[30.0,10.5,21.34598652])
(0.0,[64.0,8.5,20.26112723])
(0.0,[24.0,9.5,21.83420722])
(0.0,[59.0,9.0,21.49818883])
(0.0,[43.0,8.0,20.19731044])
(0.0,[48.0,9.0,22.19832349])
(1.0,[49.0,9.5,22.84403189])
(0.0,[68.0,10.0,23.364121899999997])
(0.0,[60.0,9.0,21.58786654])
(0.0,[46.0,9.5,22.68827631])
(0.0,[40.0,9.5,23.25786585])
(0.0,[41.0,9.5,22.40512915])
(0.0,[37.0,9.0,21.83753777])
(0.0,[25.0,11.0,20.39643731])
(0.0,[37.0,9.0,19.62927244])
(1.0,[36.0,11.9,23.10944372])
(0.0,[61.0,8.5,22.96157033])
(0.0,[28.0,9.5,25.85154204])
(0.0,[26.0,8.5,25.54349411])
(0.0,[22.0,8.5,25.34188453])
(0.0,[25.0,9.0,24.96417099])
(0.0,[18.0,8.0,21.743101899999996])
(1.0,[61.0,9.6000004,22.736281299999998])
(0.0,[18.0,8.5,17.98252814])
(0.0,[55.0,7.5,22.50327868])
(1.0,[60.0,8.5,24.88949822])
(1.0,[47.0,8.5,22.06843814])
(0.0,[25.0,9.5,21.62760373])
(0.0,[53.0,8.5,22.39861122])
(0.0,[49.0,9.0,20.73858751])
(0.0,[28.0,9.5,22.32577451])
(0.0,[27.0,9.0,21.36841845])
(0.0,[70.0,9.0,24.02017274])
(1.0,[64.0,11.0,17.154259])
(0.0,[56.0,8.5,18.77868791])
(0.0,[60.0,8.5,18.6799209])
(1.0,[56.0,11.0,19.36989545])
(1.0,[42.0,10.0,22.09975088])
(0.0,[53.0,9.0,21.7931512])
(0.0,[25.0,10.0,21.86822551])
(0.0,[38.0,9.0,20.77839405])
(0.0,[35.0,8.5,21.36089357])
(0.0,[30.0,9.0,19.75727961])
(1.0,[55.0,8.0,22.06040707])
(1.0,[61.0,8.0,19.71630266])
(0.0,[54.0,9.0,20.96733839])
(0.0,[76.0,9.5,17.4377972])
(0.0,[35.0,8.5,21.30148638])
(0.0,[31.0,11.9,20.58629155])
(0.0,[33.0,8.0,21.63114885])
(0.0,[50.0,8.5,20.72840749])
(0.0,[40.0,10.0,19.9099723])
(1.0,[58.0,11.5,22.2136785])
(0.0,[41.0,8.5,21.98575937])
(0.0,[34.0,8.5,21.87717918])
(1.0,[44.0,10.5,21.71394191])
(1.0,[41.0,9.0,20.474237600000002])
(0.0,[30.0,8.5,21.37932307])
(0.0,[50.0,8.5,19.98198493])
(0.0,[43.0,11.0,21.88894894])
(0.0,[42.0,12.5,20.9532436])
(0.0,[34.0,10.5,21.79913438])
(1.0,[63.0,11.0,18.92867857])
(0.0,[35.0,10.0,21.33679016])
(0.0,[26.0,9.5,20.07817188])
(0.0,[53.0,9.5,22.00211317])
(0.0,[30.0,11.0,20.92080874])
(0.0,[43.0,11.6,20.9532436])
(1.0,[37.0,10.5,18.91740713])
(0.0,[55.0,12.0,24.68908521])
(0.0,[31.0,11.8,22.49999922])
(0.0,[50.0,8.0,19.38921122])
(0.0,[45.0,9.5,23.33768443])
(0.0,[25.0,12.5,25.03857688])
(0.0,[30.0,9.6000004,21.49959688])
(0.0,[21.0,8.5,21.95312539])
(0.0,[19.0,10.0,21.38681044])
(0.0,[30.0,8.5,22.07409972])
(0.0,[35.0,8.5,25.24386554])
(0.0,[26.0,11.0,23.24027926])
(0.0,[45.0,6.900000099999999,25.42959228])
(0.0,[32.0,10.0,22.755556])
(1.0,[75.0,9.0,19.53373684])
(0.0,[23.0,8.5,23.94700998])
(0.0,[29.0,10.0,25.669455300000003])
(0.0,[32.0,8.5,26.18485326])
(1.0,[53.0,8.5,21.51903644])
(0.0,[51.0,10.5,22.3889366])
(0.0,[29.0,9.5,20.18966567])
(0.0,[21.0,10.0,21.16527943])
(0.0,[19.0,10.0,17.90771454])
(0.0,[24.0,8.5,22.0150774])
(1.0,[61.0,7.5,23.94517061])
(0.0,[42.0,8.0,20.31437507])
(0.0,[26.0,8.5,22.63467978])
(1.0,[50.0,8.0,23.5758996])
(0.0,[23.0,12.0,26.1586798])
(0.0,[23.0,10.0,22.65625])
(1.0,[50.0,11.5,25.36303721])
(0.0,[19.0,9.5,18.619045800000002])
(1.0,[47.0,9.0,18.16199431])
(0.0,[43.0,12.2,20.53747394])
(0.0,[37.0,10.0,18.27465735])
(0.0,[56.0,11.5,18.74080122])
(1.0,[40.0,8.5,20.34924697])
(1.0,[28.0,11.6,20.36291135])
(1.0,[39.0,8.5,22.04047022])
(1.0,[28.0,10.0,24.47289414])
(0.0,[25.0,9.3000002,20.36196449])
(1.0,[35.0,8.0,22.15384615])
(0.0,[35.0,11.0,21.77225201])
(0.0,[29.0,11.0,21.71300996])
(0.0,[25.0,9.0,21.39684619])
(1.0,[33.0,9.5,20.84345778])
(0.0,[20.0,9.0,20.56122398])
(0.0,[19.0,15.0,21.85406342])
(0.0,[35.0,8.0,19.771071799999998])
(0.0,[28.0,9.5,21.09683647])
(0.0,[24.0,10.6,20.862188800000002])
(0.0,[20.0,8.5,19.72386588])
(0.0,[33.0,8.0,21.41525726])
(0.0,[45.0,8.5,20.89760731])
(0.0,[33.0,9.5,21.27099689])
(0.0,[45.0,9.0,21.2690142])
(0.0,[40.0,10.5,21.91111067])
(0.0,[23.0,8.0,19.98879758])
(0.0,[26.0,8.5,21.6916235])
(1.0,[63.0,12.0,22.36487857])
(0.0,[40.0,10.0,22.11804345])
(0.0,[25.0,10.0,25.02595255])
(0.0,[23.0,12.5,24.11440029])
(0.0,[45.0,8.0,18.29865011])
(0.0,[27.0,8.0,22.31064903])
(0.0,[19.0,10.5,66.48936612])
(1.0,[45.0,8.5,22.76943835])
(0.0,[48.0,8.0,20.66448118])
(0.0,[20.0,10.0,20.77562327])
(1.0,[19.0,9.5,22.67888725])
(0.0,[29.0,9.5,21.52684066])
(0.0,[38.0,9.5,21.46814318])
(1.0,[40.0,11.0,19.79128345])
(1.0,[30.0,12.2,20.08926164])
(0.0,[58.0,9.5,20.4957125])
(0.0,[34.0,9.5,22.65981348])
(0.0,[47.0,11.05,20.78137257])
(0.0,[42.0,12.4,21.69625205])
(1.0,[43.0,8.5,27.98920634])
(0.0,[45.0,8.5,21.67313291])
(0.0,[21.0,11.0,23.41404483])
(0.0,[18.0,8.5,21.91011782])
(1.0,[55.0,10.5,23.99309087])
(1.0,[50.0,11.0,23.61947276])
(0.0,[22.0,8.5,18.92165068])
(0.0,[45.0,13.5,23.27542629])
(0.0,[28.0,10.5,22.19261924])
(0.0,[67.0,10.0,23.12611578])
(0.0,[27.0,8.0,24.04934768])
(0.0,[19.0,9.0,23.92531831])
(1.0,[63.0,9.0,24.53563873])
(0.0,[43.0,10.5,19.44071595])
(1.0,[49.0,9.5,25.55497934])
(0.0,[55.0,9.0,20.86091423])
(1.0,[56.0,10.0,28.12686536])
(0.0,[42.0,11.0,22.70026276])
(0.0,[46.0,9.0,20.44952345])
(1.0,[65.0,8.5,17.1193983])
(0.0,[60.0,9.5,20.88143798])
(0.0,[33.0,10.5,19.5462891])
(1.0,[67.0,8.5,26.52345774])
(0.0,[57.0,8.5,26.68756648])
(0.0,[43.0,11.1,20.47868754])
(1.0,[61.0,10.0,18.93551509])
(0.0,[20.0,9.5,18.5573577])
(0.0,[33.0,12.5,22.86236854])
(0.0,[30.0,8.5,21.20844875])
(1.0,[40.0,9.1000004,24.53563873])
(1.0,[45.0,11.5,1.9899198169999999])
(0.0,[20.0,11.0,22.81853671])
(0.0,[18.0,12.5,23.11224439])
(1.0,[33.0,9.5,21.77976701])
(0.0,[30.0,8.5,22.55298967])
(0.0,[26.0,8.0,19.61583618])
(0.0,[40.0,7.5,21.55970111])
(0.0,[35.0,8.5,21.62760373])
(0.0,[50.0,8.5,21.60204146])
(0.0,[31.0,9.0,22.02187898])
(0.0,[49.0,10.0,20.80987388])
(1.0,[50.0,8.0,23.33546614])
(1.0,[55.0,11.0,25.5421107])
(0.0,[23.0,10.0,22.41601732])
(0.0,[28.0,11.5,22.43230252])
(0.0,[42.0,12.0,21.586841600000003])
(0.0,[45.0,9.5,64.33589298])
(0.0,[25.0,8.5,24.74481554])
(0.0,[45.0,8.0,21.20844875])
(0.0,[31.0,8.5,21.98989237])
(0.0,[27.0,8.0,21.5561004])
(0.0,[18.0,12.5,23.76988768])
(1.0,[48.0,12.5,24.99975815])
(0.0,[37.0,9.0,23.26299101])
(1.0,[60.0,10.0,25.02652995])
(0.0,[35.0,10.5,23.06295676])
(0.0,[22.0,9.5,24.05881043])
(0.0,[37.0,9.0,21.62760373])
(1.0,[65.0,9.5,25.269811899999997])
(1.0,[55.0,9.5,23.66674164])
(1.0,[53.0,6.900000099999999,23.55015009])
(0.0,[33.0,8.5,23.28082935])
(0.0,[25.0,9.0,22.46059932])
(0.0,[45.0,8.5,24.90966096])
(0.0,[45.0,9.5,22.62439498])
(1.0,[60.0,8.0,24.74453378])
(0.0,[22.0,9.5,22.35599497])
(0.0,[40.0,8.5,22.24756111])
(0.0,[30.0,5.1999998,20.91353059])
(0.0,[55.0,9.5,21.89712518])
(0.0,[40.0,9.0,23.12872361])
(0.0,[50.0,11.0,22.29099702])
(0.0,[40.0,9.5,21.05170826])
(0.0,[33.0,12.0,20.55405396])
(0.0,[31.0,9.5,25.028029699999998])
(1.0,[31.0,8.5,16.05192667])
(1.0,[45.0,8.0,23.17786973])
(0.0,[53.0,8.0,23.50948286])
(1.0,[55.0,6.900000099999999,23.14633531])
(0.0,[50.0,9.0,21.72964571])
(0.0,[30.0,9.5,23.24378652])
(1.0,[50.0,8.5,23.78242219])
(0.0,[26.0,8.5,22.44444444])
(0.0,[20.0,9.5,20.59149388])
(0.0,[40.0,8.5,24.76686466])
(0.0,[35.0,7.5,21.38878895])
(1.0,[55.0,9.5,23.35640138])
(0.0,[53.0,10.0,22.9644004])
(0.0,[50.0,10.0,24.25358431])
(0.0,[33.0,8.0,23.74140285])
(1.0,[60.0,9.5,23.55015009])
(0.0,[24.0,9.0,20.95024363])
(0.0,[25.0,8.5,22.93103382])
(0.0,[33.0,10.0,22.33710196])
(0.0,[20.0,10.5,21.62859403])
(1.0,[37.0,8.5,22.74659758])
(0.0,[24.0,10.0,22.42568606])
(1.0,[45.0,9.6000004,23.42730469])
(0.0,[23.0,10.0,25.009995])
(0.0,[25.0,8.5,24.83288506])
(0.0,[26.0,9.5,21.09956203])
(0.0,[62.0,8.5,25.31869634])
(0.0,[59.0,9.5,23.25982299])
(0.0,[45.0,9.5,23.08180349])
(1.0,[27.0,11.5,25.983058])
(0.0,[26.0,11.0,19.93469579])
(1.0,[22.0,8.5,23.22691006])
(0.0,[28.0,9.0,21.44905803])
(0.0,[35.0,8.0,22.13060358])
(0.0,[39.0,8.0,23.607264100000002])
(0.0,[20.0,8.8000002,23.21508821])
(0.0,[45.0,11.5,23.16518052])
(0.0,[40.0,8.5,22.37342015])
(0.0,[48.0,10.0,22.20969799])
(0.0,[37.0,10.0,23.22089591])
(1.0,[70.0,11.2,23.75795798])
(0.0,[32.0,8.5,20.97372013])
(0.0,[25.0,9.5,20.86669387])
(0.0,[65.0,8.5,26.47508585])
(0.0,[65.0,8.5,23.96321525])
(0.0,[55.0,11.5,21.44105367])
(0.0,[30.0,10.0,25.93760275])
(0.0,[35.0,10.5,21.58689718])
(0.0,[27.0,9.0,24.09811185])
(0.0,[42.0,10.0,24.39164719])
(0.0,[35.0,10.0,22.62092924])
(1.0,[40.0,10.2,24.57479144])
(0.0,[22.0,9.0,23.607264100000002])
(0.0,[18.0,9.5,21.87717918])
(0.0,[40.0,9.0,22.17365837])
(0.0,[33.0,7.6999998,23.10557331])
(1.0,[31.0,8.5,16.31507434])
(1.0,[45.0,15.0,23.76179193])
(1.0,[35.0,8.0,24.97398543])
(0.0,[39.0,10.0,23.76179193])
(0.0,[20.0,12.5,21.72114047])
(0.0,[39.0,9.5,29.27120142])
(1.0,[54.0,11.2,22.2715323])
(1.0,[34.0,8.0,24.06154457])
(0.0,[60.0,9.5,24.45628439])
(0.0,[20.0,10.0,25.49328992])
(0.0,[55.0,8.6999998,24.68362722])
(1.0,[65.0,6.900000099999999,24.981454])
(0.0,[44.0,9.0,24.50177401])
(0.0,[20.0,10.5,25.05659651])
(0.0,[23.0,11.5,23.5758996])
(0.0,[53.0,8.8000002,20.90497095])
(0.0,[32.0,8.5,24.73885008])
(0.0,[20.0,10.6,22.15102251])
(0.0,[18.0,10.0,23.04610369])
(0.0,[33.0,9.5,20.67156808])
(0.0,[27.0,9.0,21.88192213])
(0.0,[45.0,8.5,21.9440247])
(0.0,[20.0,11.0,21.8144053])
(0.0,[35.0,10.0,22.18297801])
(0.0,[29.0,11.0,23.4844811])
(0.0,[21.0,8.0,25.03857688])
(1.0,[75.0,8.0,18.97777822])
(0.0,[35.0,8.0,24.96487611])
(0.0,[19.0,9.0500002,20.40599473])
(0.0,[25.0,6.5,24.03904859])
(0.0,[20.0,9.5,26.14351261])
(0.0,[18.0,9.5,26.74526205])
(0.0,[42.0,8.5,27.022119699999998])
(0.0,[23.0,11.0,23.262931899999998])
(0.0,[35.0,10.5,22.93870164])
(0.0,[28.0,10.5,23.017007500000002])
(0.0,[23.0,8.5,23.67105443])
(1.0,[55.0,8.5,22.41363799])
(0.0,[23.0,9.5,23.47126189])
(0.0,[43.0,12.5,22.63898382])
(0.0,[55.0,6.4000001,24.22754045])
(0.0,[37.0,12.0,22.79454053])
(0.0,[23.0,10.5,19.33283494])
(1.0,[40.0,12.0,20.25152668])
(1.0,[59.0,8.5,23.74021975])
(0.0,[18.0,9.0,23.31853243])
(1.0,[25.0,11.5,20.92462461])
(0.0,[60.0,8.5,22.88337888])
(1.0,[45.0,10.5,25.57753682])
(0.0,[35.0,12.0,22.76610955])
(0.0,[29.0,8.5,25.624007199999998])
(0.0,[30.0,10.0,22.00386109])
(1.0,[35.0,9.5,23.24538115])
(1.0,[70.0,8.5,21.47347048])
(1.0,[29.0,9.5,24.457335999999998])
(0.0,[30.0,11.5,22.80303508])
(0.0,[45.0,10.5,23.28082935])
(0.0,[31.0,8.0,23.90378304])
(0.0,[39.0,5.0,23.90526541])
(0.0,[21.0,8.0,21.65999593])
(1.0,[60.0,9.0,17.44492677])
(0.0,[30.0,8.0,27.75169732])
(0.0,[24.0,8.5,23.15125226])
(0.0,[27.0,10.0,18.06938336])
(1.0,[70.0,10.0,15.55555556])
(0.0,[21.0,12.0,25.50297938])
(0.0,[57.0,9.5,21.22415284])
(0.0,[40.0,8.0,21.80886345])
(0.0,[35.0,8.0,22.86236854])
(1.0,[37.0,7.0,23.62004834])
(0.0,[47.0,8.0,24.89418602])
(0.0,[25.0,8.0,25.666068399999997])
(0.0,[36.0,9.0,22.84643115])
(0.0,[30.0,10.0,24.10690812])
(0.0,[19.0,10.5,23.061225])
(0.0,[23.0,8.5,21.05492721])
(0.0,[35.0,11.8,23.73838236])
(0.0,[29.0,12.5,17.83968059])
(1.0,[60.0,8.5,23.66208055])
(0.0,[25.0,10.5,22.34038681])
(0.0,[30.0,14.5,22.22547329])
(0.0,[25.0,10.0,21.71591393])
(0.0,[41.0,8.0,22.31066897])
(0.0,[22.0,6.900000099999999,25.73732902])
(0.0,[29.0,8.0,24.55669493])
(0.0,[50.0,5.0,23.75178423])
(1.0,[52.0,8.0,24.66486142])
(0.0,[45.0,8.5,22.69346532])
(0.0,[27.0,8.0,23.64444489])
(1.0,[39.0,8.5,24.17234884])
(0.0,[35.0,6.900000099999999,22.65066817])
(0.0,[41.0,8.0,23.15555467])
(0.0,[45.0,6.1999998,23.89799749])
(1.0,[18.0,8.5,21.30842903])
(0.0,[32.0,9.0,23.6328125])
(0.0,[29.0,8.0,22.2659407])
(1.0,[27.0,9.0,18.43836479])
(0.0,[29.0,6.900000099999999,22.19261924])
(0.0,[57.0,8.0,23.32894475])
(0.0,[23.0,7.5,21.20334411])
(0.0,[27.0,11.5,21.48746166])
(1.0,[47.0,11.2,22.62113119])
(0.0,[50.0,9.5,21.75746247])
(0.0,[40.0,8.5,21.70004711])
(0.0,[23.0,10.5,22.13177482])
(0.0,[23.0,10.5,23.33448581])
(0.0,[21.0,10.0,20.45918265])
(0.0,[23.0,12.0,25.23993526])
(0.0,[19.0,12.0,19.27484324])
(0.0,[75.0,10.0,24.06511056])
(1.0,[31.0,10.0,24.72210909])
(1.0,[50.0,11.0,21.740878600000002])
(1.0,[55.0,12.5,20.73455636])
(0.0,[31.0,11.0,24.73910477])
(0.0,[24.0,10.0,25.34188453])
(1.0,[65.0,8.5,19.11111111])
(0.0,[45.0,8.5,23.52420318])
(1.0,[29.0,6.4000001,25.16895605])
(0.0,[19.0,10.5,26.89540202])
(0.0,[55.0,10.6,22.38991131])
(0.0,[20.0,9.0,25.75733668])
(0.0,[33.0,10.5,24.92429874])
(0.0,[35.0,10.5,23.76671775])
(0.0,[33.0,8.5,21.70004711])
(0.0,[33.0,13.75,23.61906063])
(1.0,[55.0,7.0,23.12097083])
(0.0,[27.0,11.2,25.13862686])
(0.0,[25.0,8.5,24.61112982])
(1.0,[33.0,11.9,21.37062636])
(0.0,[40.0,10.0,23.22347737])
(0.0,[35.0,10.5,23.22347737])
(1.0,[30.0,12.5,23.09534622])
(0.0,[25.0,10.5,21.53975218])
(0.0,[24.0,9.0,22.65625])
(0.0,[65.0,11.0,22.74499414])
(0.0,[21.0,11.2,19.71622697])
(0.0,[20.0,10.5,22.58270917])
(0.0,[26.0,8.5,25.67377415])
(0.0,[40.0,9.0,26.04862009])
(0.0,[35.0,8.0,22.69290714])
(0.0,[35.0,9.5,24.44722157])
(0.0,[29.0,9.5,25.00259905])
(0.0,[27.0,8.0,22.67888725])
(0.0,[33.0,10.0,27.363018100000005])
(0.0,[29.0,11.0,23.047567])
(1.0,[60.0,10.0,22.52238942])
(1.0,[55.0,7.0,22.53738326])
(0.0,[23.0,10.5,22.67888725])
(0.0,[21.0,11.5,23.51509301])
(0.0,[27.0,8.0,23.51884694])
(0.0,[30.0,6.5,22.1925962])
(0.0,[28.0,10.95,25.58075651])
(0.0,[22.0,11.0,24.19236903])
(0.0,[23.0,9.0,22.60460745])
(0.0,[27.0,9.0,27.04172921])
(0.0,[33.0,9.3500004,24.60102021])
(0.0,[45.0,8.5,23.47622587])
(0.0,[37.0,8.5,22.41363799])
(0.0,[36.0,10.5,21.47946305])
(0.0,[50.0,8.5,23.05704796])
(0.0,[24.0,9.5,26.06106583])
(0.0,[19.0,11.0,22.41363799])
(0.0,[45.0,7.5,22.19832349])
(0.0,[29.0,8.5,22.96157033])
(0.0,[37.0,8.5,24.60469986])
(1.0,[60.0,11.5,24.32526055])
(0.0,[27.0,9.0,26.43731156])
(0.0,[40.0,11.0,24.04733728])
(0.0,[32.0,9.5,24.86932748])
(0.0,[32.0,10.5,22.85572157])
(0.0,[24.0,9.5,22.95276294])
(1.0,[65.0,12.5,23.88929204])
(0.0,[56.0,8.5,23.26129986])
(0.0,[18.0,8.5,22.03619508])
(1.0,[45.0,8.8000002,24.39164719])
(0.0,[30.0,12.0,24.06154457])
(0.0,[25.0,10.0,22.29786656])
(0.0,[18.0,9.0,26.72773727])
(0.0,[28.0,9.0,24.62405589])
(0.0,[69.0,11.0,25.58707254])
(0.0,[47.0,11.5,23.64546119])
(0.0,[31.0,9.5,23.09611833])
(0.0,[19.0,8.5,22.15189833])
(1.0,[53.0,11.0,22.60715173])
(0.0,[44.0,9.0,20.97195728])
(0.0,[20.0,10.0,17.7347591])
(0.0,[34.0,9.5,20.86106208])
(1.0,[44.0,8.5,22.73070226])
(0.0,[33.0,11.1,20.98265301])
(0.0,[40.0,9.5,19.77290645])
(0.0,[43.0,11.5,20.79904217])
(0.0,[39.0,10.0,25.64647481])
(1.0,[41.0,9.5,18.66803409])
(1.0,[46.0,9.0,26.1581129])
(0.0,[29.0,8.0,22.95991578])
(0.0,[29.0,10.5,26.33002626])
(0.0,[26.0,10.0,21.72967395])
(0.0,[33.0,12.5,26.067670800000002])
(0.0,[29.0,8.5,24.13776262])
(0.0,[29.0,11.0,20.755471300000004])
(0.0,[37.0,10.0,26.90255161])
(0.0,[40.0,6.1999998,24.21471523])
(0.0,[37.0,8.5,22.35626951])
(0.0,[25.0,8.0,23.25768365])
(0.0,[47.0,10.5,19.48619596])
(0.0,[38.0,8.5,20.04414216])
(0.0,[51.0,10.5,19.85636357])
(0.0,[23.0,11.5,18.87867429])
(0.0,[33.0,12.2,21.56575475])
(0.0,[35.0,12.0,21.1715878])
(0.0,[40.0,12.0,21.75051261])
(0.0,[61.0,9.0,20.23179231])
(0.0,[40.0,10.0,19.56457336])
(0.0,[38.0,9.0,21.52342574])
(0.0,[63.0,10.5,19.25515445])
(1.0,[50.0,12.5,21.67159452])
(0.0,[24.0,12.5,22.55836677])
(0.0,[55.0,8.0,24.91112571])
(0.0,[40.0,12.0,21.53018155])
(0.0,[21.0,8.5,23.046875])
(0.0,[50.0,9.0,24.43417548])
(0.0,[40.0,8.0,21.4209301])
(1.0,[40.0,9.0,22.58811167])
(0.0,[54.0,8.5,25.84215232])
(0.0,[35.0,8.0,21.97271962])
(0.0,[67.0,9.5,18.82974907])
(0.0,[24.0,12.2,18.56401186])
(0.0,[61.0,11.4,20.76196317])
(0.0,[35.0,10.5,19.79475854])
(0.0,[29.0,9.5,21.40953606])
(0.0,[33.0,12.5,20.225624300000003])
(0.0,[47.0,10.0,20.62300401])
(0.0,[42.0,10.5,20.97873242])
(0.0,[21.0,9.5,29.46115755])
(0.0,[18.0,8.0,23.29429726])
(0.0,[29.0,9.5,22.86804102])
(1.0,[32.0,10.5,22.82302195])
(1.0,[47.0,10.5,19.46900813])
(1.0,[70.0,9.5,17.41282882])
(1.0,[64.0,9.0,17.83416874])
(0.0,[36.0,9.5,19.74845093])
(0.0,[32.0,10.0,19.98881876])
(0.0,[32.0,9.0,20.66666667])
(1.0,[73.0,11.1,20.74090925])
(0.0,[39.0,8.5,20.58661446])
(0.0,[74.0,9.0,20.23361169])
(0.0,[18.0,10.0,18.17209802])
(1.0,[45.0,8.0,26.93482221])
(0.0,[25.0,8.0,23.61177862])
(0.0,[40.0,10.0,22.11738141])
(0.0,[28.0,8.0,20.07271631])
(0.0,[43.0,8.0,21.83128503])
(0.0,[31.0,9.0,21.46486284])
(0.0,[29.0,10.5,20.54510658])
(1.0,[25.0,6.0,19.39920103])
(0.0,[22.0,12.9,18.73057108])
(0.0,[57.0,9.0,20.72632813])
(0.0,[30.0,8.8000002,19.98342707])
(0.0,[30.0,9.5,21.87717918])
(0.0,[45.0,10.0,20.16291259])
(1.0,[33.0,9.5,21.51439069])
(0.0,[26.0,9.5,21.43806974])
(0.0,[43.0,11.1,19.84300658])
(0.0,[37.0,10.0,21.44047475])
(0.0,[52.0,10.0,18.62918348])
(1.0,[40.0,9.0,20.43112172])
(0.0,[40.0,10.5,21.36521079])
(0.0,[19.0,8.5,21.34915059])
(0.0,[58.0,9.0,20.08618259])
(1.0,[30.0,12.0,23.40073816])
(1.0,[40.0,10.5,22.99171653])
(0.0,[55.0,9.5,27.01956976])
(0.0,[42.0,10.5,23.53174866])
(1.0,[28.0,9.5,22.05549006])
(1.0,[45.0,12.5,23.98250282])
(0.0,[23.0,11.0,24.47489991])
(1.0,[35.0,14.0,24.13776262])
(0.0,[20.0,9.5,21.06960494])
(0.0,[20.0,9.0,21.06960494])
(0.0,[55.0,11.5,21.50446956])
(1.0,[40.0,9.5,23.45771459])
(1.0,[23.0,8.0,22.73069686])
(1.0,[37.0,10.0,21.50523044])
(0.0,[34.0,12.0,22.37567995])
(0.0,[19.0,10.0,24.53196092])
(1.0,[40.0,12.5,22.89181699])
(0.0,[31.0,9.5,22.56963489])
(1.0,[50.0,10.0,20.78020696])
(0.0,[60.0,14.0,20.88259869])
(0.0,[26.0,9.0,21.36521079])
(1.0,[31.0,8.0,22.39737521])
(1.0,[28.0,8.5,21.1141492])
(0.0,[60.0,10.6,23.90681148])
(0.0,[55.0,8.0,21.61282411])
(1.0,[32.0,9.0,21.40202401])
(0.0,[29.0,8.0,23.85268767])
(0.0,[35.0,8.5,21.91462917])
(0.0,[45.0,9.0,22.75472023])
(0.0,[40.0,5.0,25.22063747])
(1.0,[65.0,8.0,22.26595755])
(0.0,[55.0,10.0,22.999235000000002])
(0.0,[33.0,8.0,23.03181341])
(0.0,[29.0,8.5,22.0])
(0.0,[38.0,8.5,20.77562327])
(1.0,[34.0,8.5,22.66419413])
(0.0,[60.0,11.5,19.63375114])
(0.0,[31.0,11.5,22.14777546])
(0.0,[70.0,8.0,14.00608209])
(0.0,[47.0,11.0,21.76368571])
(0.0,[25.0,8.5,21.9249524])
(1.0,[55.0,12.0,23.42767327])
(0.0,[24.0,9.0,21.48854788])
(0.0,[21.0,10.5,19.02293608])
(0.0,[37.0,8.5,22.35485701])
(0.0,[26.0,9.5,21.4248615])
(1.0,[65.0,11.0,21.3330555])
(0.0,[26.0,10.0,22.18934911])
(0.0,[33.0,9.0,23.05799671])
(0.0,[29.0,8.0,21.64127424])
(1.0,[75.0,8.5,20.44444444])
(0.0,[21.0,10.5,22.04176394])
(0.0,[23.0,11.0,19.30604889])
(0.0,[20.0,9.5,18.89698314])
(0.0,[44.0,9.5,19.91571615])
(0.0,[32.0,10.0,21.39368539])
(1.0,[41.0,11.1,19.5998503])
(0.0,[28.0,10.0,21.29298221])
(0.0,[32.0,11.5,21.3083311])
(0.0,[43.0,10.0,20.42477021])
(0.0,[40.0,11.6,22.17460894])
(0.0,[25.0,9.6000004,21.53577442])
(0.0,[23.0,12.2,21.06311199])
(0.0,[45.0,11.0,20.84442972])
(0.0,[37.0,12.5,22.10073631])
(1.0,[45.0,8.5,22.1925962])
(0.0,[19.0,9.3999996,22.65043454])
(0.0,[43.0,8.5,25.24386554])
(0.0,[40.0,8.5,22.16311122])
(0.0,[18.0,8.0,23.37983003])
(0.0,[60.0,6.900000099999999,23.69779952])
(0.0,[19.0,8.5,23.58584389])
(0.0,[60.0,9.0,22.97907758])
(0.0,[25.0,11.5,22.16959909])
(0.0,[27.0,11.0,22.89593481])
(1.0,[24.0,9.0,21.83753777])
(0.0,[21.0,9.5,23.19166145])
(0.0,[23.0,11.5,22.59815258])
(0.0,[19.0,9.0,22.905604800000003])
(0.0,[22.0,8.5,23.55847299])
(0.0,[21.0,11.5,21.33811067])
(0.0,[40.0,10.0,22.34949314])
(0.0,[26.0,9.5,22.06583658])
(0.0,[28.0,10.0,21.78550701])
(0.0,[50.0,10.5,20.78897112])
(0.0,[22.0,10.5,19.24175478])
(1.0,[40.0,6.5,22.04449186])
(0.0,[19.0,10.7,25.60085472])
(0.0,[60.0,8.5,22.01666799])
(0.0,[23.0,9.5,22.59482556])
(1.0,[65.0,10.7,19.30053472])
(0.0,[40.0,8.5,25.72239587])
(0.0,[20.0,9.0,24.82055575])
(0.0,[59.0,9.0,21.51503611])
(0.0,[27.0,12.5,21.44531328])
(1.0,[51.0,7.5,25.28718126])
(0.0,[20.0,8.0,24.99848006])
(0.0,[50.0,9.0,24.36991681])
(0.0,[21.0,7.5,24.03904859])
(0.0,[55.0,8.5,24.2621015])
(0.0,[26.0,8.3999996,22.86017815])
(1.0,[65.0,8.0,20.39003477])
(0.0,[40.0,8.5,22.90047173])
(0.0,[20.0,9.0,23.34975829])
(0.0,[35.0,8.0,21.4248615])
(1.0,[65.0,9.0,21.33333333])
(1.0,[50.0,9.5,23.55468711])
(0.0,[27.0,8.5,20.93863983])
(0.0,[55.0,11.8,22.90047173])
(1.0,[41.0,11.0,22.76995462])
(0.0,[35.0,7.5,21.900854100000004])
(0.0,[33.0,11.0,20.91298239])
(0.0,[45.0,6.849999900000001,23.24340802])
(0.0,[23.0,12.5,23.23345618])
(0.0,[25.0,8.5,21.23036741])
(0.0,[24.0,8.5,21.20844875])
(1.0,[57.0,12.5,23.97318765])
(0.0,[53.0,11.5,22.94043948])
(0.0,[30.0,7.5,21.36752137])
(1.0,[33.0,9.3999996,21.56879418])
(0.0,[38.0,9.0,22.69290714])
(0.0,[45.0,10.0,22.37567995])
(1.0,[37.0,7.0,23.075395800000003])
(0.0,[55.0,11.5,21.92935559])
(0.0,[28.0,10.0,22.86236854])
(0.0,[20.0,10.0,23.36674468])
(0.0,[31.0,9.6999998,25.59362348])
(0.0,[40.0,8.0,20.17455375])
(0.0,[26.0,8.0,19.7790307])
(0.0,[25.0,8.0,22.45608305])
(0.0,[33.0,8.0,22.37567995])
(0.0,[28.0,11.0,22.89281998])
(1.0,[55.0,8.0,20.77562327])
(0.0,[30.0,8.5,23.23345618])
(0.0,[26.0,9.5,20.91298239])
(0.0,[22.0,9.0,19.73597649])
(0.0,[40.0,8.5,23.30905307])
(0.0,[35.0,9.5,20.63961301])
(0.0,[45.0,8.0,21.06960494])
(0.0,[36.0,9.0,26.21708349])
(0.0,[33.0,9.5,23.58151892])
(0.0,[45.0,8.5,20.63961301])
(0.0,[19.0,8.0,19.47714681])
(1.0,[51.0,8.8000002,22.43230252])
(0.0,[35.0,8.5,20.88539904])
(0.0,[40.0,11.0,30.07127474])
(1.0,[50.0,12.5,21.38199364])
(1.0,[30.0,12.5,22.77174602])
(0.0,[65.0,11.0,24.28461926])
(0.0,[31.0,9.0,22.48857791])
(0.0,[28.0,8.0,22.41585575])
(0.0,[23.0,12.5,23.62315494])
(0.0,[31.0,8.5,21.13704321])
(1.0,[41.0,11.5,20.16981424])
(1.0,[68.0,9.0,20.049313])
(0.0,[43.0,9.0,18.87446689])
(0.0,[60.0,9.5,19.75042128])
(0.0,[21.0,8.5,20.68747241])
(0.0,[47.0,9.5,27.60028451])
(0.0,[40.0,6.4000001,22.09592388])
(0.0,[50.0,9.5,19.57783445])
(0.0,[46.0,8.5,21.20251698])
(0.0,[37.0,8.5,22.35599497])
(0.0,[38.0,9.5,19.71146915])
(0.0,[33.0,9.0,21.59999911])
(1.0,[62.0,9.0,19.20938496])
(0.0,[45.0,10.5,27.05029006])
(0.0,[23.0,10.0,25.28083699])
(0.0,[43.0,8.5,22.75141979])
(1.0,[40.0,8.5,25.89304856])
(0.0,[39.0,11.0,21.69277492])
(1.0,[70.0,10.0,16.75310378])
(0.0,[61.0,11.0,18.20228889])
(0.0,[44.0,10.0,20.22634915])
(0.0,[23.0,8.8000002,21.875])
(1.0,[70.0,8.5,20.719787399999998])
(0.0,[23.0,10.5,25.51779166])
(1.0,[62.0,9.0,21.26832466])
(0.0,[57.0,10.0,22.10429455])
(0.0,[26.0,8.8000002,19.04027319])
(0.0,[38.0,8.5,20.49687146])
(0.0,[27.0,9.0,29.030616100000003])
(1.0,[59.0,8.8000002,20.3971168])
(0.0,[35.0,11.5,22.87229899])
(0.0,[42.0,12.0,26.8158773])
(0.0,[30.0,9.5,25.4798729])
(0.0,[40.0,9.3999996,25.55570776])
(0.0,[31.0,9.5,26.28165756])
(0.0,[37.0,9.5,26.0369907])
(1.0,[65.0,8.5,21.86700936])
(0.0,[33.0,10.0,23.09527324])
(0.0,[41.0,9.5,21.40782262])
(0.0,[24.0,8.5,19.09600646])
(1.0,[56.0,10.5,22.28062834])
(0.0,[25.0,12.0,21.33811067])
(0.0,[48.0,12.5,20.50020286])
(0.0,[41.0,12.5,22.32591326])
(1.0,[63.0,8.5,21.47733565])
(0.0,[34.0,9.5,21.81429889])
(0.0,[49.0,10.0,22.05878421])
(0.0,[21.0,9.5,20.74464363])
(0.0,[47.0,9.5,20.51132561])
(0.0,[37.0,10.0,21.74241262])
(0.0,[45.0,9.5,22.66277748])
(0.0,[21.0,12.0,18.44919427])
(0.0,[35.0,8.5,19.71401622])
(1.0,[40.0,9.5,19.86719557])
(0.0,[50.0,11.5,20.64433171])
(0.0,[38.0,11.5,22.82535557])
(0.0,[25.0,12.5,19.49278469])
(0.0,[27.0,11.0,19.73815578])
(1.0,[41.0,11.5,19.83280754])
(0.0,[32.0,10.0,21.82777005])
(1.0,[70.0,10.0,17.02753883])
(1.0,[56.0,12.5,20.3483439])
(0.0,[44.0,10.5,22.97777822])
(1.0,[55.0,9.5,21.734296399999998])
(0.0,[33.0,12.5,19.83330403])
(0.0,[28.0,11.5,21.73966338])
(0.0,[52.0,9.5,21.17270294])
(0.0,[23.0,10.0,21.55949333])
(1.0,[53.0,9.5,21.89213492])
(1.0,[45.0,11.9,24.00513799])
(0.0,[33.0,10.0,22.584760100000004])
(0.0,[27.0,8.0,19.10990629])
(0.0,[30.0,9.5,21.48854788])
(1.0,[55.0,9.0,28.91226706])
(1.0,[60.0,11.9,19.255390300000002])
(1.0,[53.0,10.0,22.23604649])
(0.0,[67.0,12.0,19.88356186])
(0.0,[32.0,11.0,20.47200417])
(0.0,[26.0,11.5,21.841987200000002])
(0.0,[54.0,10.0,21.35439732])
(0.0,[30.0,12.5,18.8657122])
(0.0,[21.0,10.0,18.66781779])
(0.0,[58.0,10.5,23.29626728])
(1.0,[75.0,8.5,17.57764672])
(0.0,[47.0,9.0,20.67665895])
(0.0,[47.0,9.0,27.76367436])
(0.0,[25.0,8.5,22.05806915])
(1.0,[51.0,9.0,21.18735832])
(0.0,[44.0,8.5,22.74878414])
(0.0,[62.0,9.5,19.65401782])
(0.0,[56.0,9.0,18.46051065])
(0.0,[30.0,10.0,21.09010601])
(0.0,[28.0,12.5,18.92555922])
(0.0,[41.0,8.5,21.31738816])
(1.0,[65.0,9.5,19.21899048])
(0.0,[50.0,10.0,18.82975283])
(0.0,[47.0,9.5,21.53414236])
(0.0,[20.0,12.0,17.95319598])
(1.0,[60.0,9.5,18.4188407])
(1.0,[49.0,10.0,19.91880932])
(0.0,[40.0,11.0,20.65149473])
(0.0,[35.0,12.0,22.61449891])
(0.0,[54.0,10.0,22.59932766])
(1.0,[64.0,12.0,19.53125])
(0.0,[23.0,11.0,21.59788914])
(0.0,[60.0,12.0,19.22273294])
(0.0,[30.0,14.0,20.07985002])
(0.0,[25.0,12.0,18.99919806])
(1.0,[60.0,9.0,18.50689244])
(0.0,[53.0,10.5,17.77340357])
(0.0,[18.0,10.0,17.71787289])
(0.0,[18.0,10.0,17.42995584])
(0.0,[39.0,12.8,21.03860393])
(0.0,[36.0,10.0,21.40753446])
(0.0,[20.0,9.5,18.17320859])
(0.0,[32.0,10.5,21.61231955])
(1.0,[56.0,9.0,20.80749516])
(0.0,[25.0,10.5,21.520954500000002])
(1.0,[65.0,12.8,20.88294018])
(1.0,[50.0,9.5,20.73716219])
(0.0,[28.0,10.0,22.10649608])
(0.0,[56.0,11.1,19.82369238])
(0.0,[56.0,10.5,20.45028656])
(1.0,[74.0,10.0,22.03235671])
(0.0,[66.0,9.5,21.66209546])
(0.0,[23.0,10.0,19.00171809])
(0.0,[53.0,9.5,20.87029465])
(0.0,[25.0,11.1,22.57812461])
(0.0,[20.0,10.5,21.52995006])
(0.0,[47.0,9.0,22.51644544])
(0.0,[30.0,10.0,20.68515024])
(0.0,[26.0,9.5,20.31111156])
(0.0,[40.0,12.0,17.98495039])
(0.0,[20.0,9.5,18.28473461])
(1.0,[60.0,8.0,18.03182398])
(0.0,[50.0,9.5,19.42971611])
(1.0,[35.0,9.0,20.62189021])
(1.0,[40.0,10.5,21.62820311])
(0.0,[40.0,12.5,19.92023936])
(0.0,[47.0,9.5,21.55970111])
(0.0,[41.0,14.0,20.06212824])
(1.0,[58.0,9.5,21.9478738])
(0.0,[22.0,9.0,19.8791026])
(0.0,[57.0,9.0,18.863805199999998])
(0.0,[27.0,12.0,20.12285996])
(1.0,[70.0,11.55,18.96546501])
(0.0,[53.0,10.5,20.48291381])
(1.0,[61.0,10.0,18.71591359])
(0.0,[31.0,11.5,20.62414225])
(0.0,[40.0,10.5,20.48443241])
(0.0,[21.0,10.5,18.46510305])
(1.0,[56.0,11.0,22.20203947])
(1.0,[64.0,10.75,20.0258234])
(1.0,[46.0,11.0,21.33821064])
(0.0,[37.0,9.5,19.53005691])
(0.0,[32.0,9.0,21.65256749])
(1.0,[51.0,10.5,19.88009557])
(0.0,[44.0,10.5,22.32448573])
(0.0,[35.0,10.0,20.87205138])
(0.0,[29.0,11.0,19.81784449])
(0.0,[56.0,10.0,20.9154448])
(1.0,[40.0,10.5,19.78836128])
(0.0,[34.0,12.2,21.72783977])
(0.0,[39.0,11.0,19.87514571])
(1.0,[29.0,10.5,21.9122633])
(1.0,[64.0,11.0,19.1200956])
(0.0,[60.0,12.0,20.14491912])
(0.0,[45.0,9.0,19.87884041])
(0.0,[45.0,13.0,22.87677492])
(1.0,[38.0,11.5,21.29218551])
(0.0,[30.0,11.0,19.42964964])
(0.0,[47.0,15.5,20.28722556])
(0.0,[55.0,11.0,18.0901876])
(1.0,[65.0,9.0,15.91832791])
(1.0,[60.0,11.5,18.83711521])
(0.0,[47.0,11.0,18.87773253])
(0.0,[30.0,15.0,19.69230769])
(1.0,[63.0,16.0,18.02508801])
(0.0,[42.0,11.55,19.21377962])
(0.0,[25.0,6.900000099999999,20.9330076])
(0.0,[23.0,13.5,20.57777733])
(1.0,[64.0,12.5,20.80907355])
(0.0,[35.0,11.85,21.41378165])
(0.0,[24.0,12.5,18.77974704])
(0.0,[53.0,10.0,20.27770632])
(1.0,[80.0,8.5,19.20474994])
(1.0,[70.0,11.5,18.70674618])
(1.0,[43.0,11.0,20.83862253])
(0.0,[20.0,13.0,19.0363854])
(0.0,[57.0,9.5,19.53999545])
(0.0,[56.0,8.5,18.50668918])
(0.0,[39.0,15.5,19.5786986])
(0.0,[21.0,8.5,23.337191699999998])
(1.0,[19.0,11.0,20.05486675])
(0.0,[43.0,11.5,19.60457623])
(0.0,[55.0,9.5,16.15241939])
(0.0,[30.0,12.0,19.69805421])
(0.0,[25.0,10.5,20.31538687])
(0.0,[70.0,10.0,17.30037096])
(1.0,[57.0,12.5,20.83333382])
(1.0,[70.0,11.0,17.15897751])
(0.0,[33.0,11.0,18.83479672])
(0.0,[18.0,11.5,18.92696135])
(0.0,[65.0,8.5,15.41990513])
(1.0,[41.0,9.5,18.87496634])
(0.0,[40.0,14.0,23.17474879])
(0.0,[35.0,10.5,14.67845885])
(0.0,[35.0,12.5,20.20869219])
(0.0,[27.0,12.0,22.20588307])
(0.0,[35.0,7.0,21.05492721])
(0.0,[50.0,13.0,19.11418453])
(1.0,[53.0,15.0,17.16276713])
(1.0,[60.0,8.0,20.86604281])
(0.0,[23.0,8.5,18.28633232])
(1.0,[25.0,11.0,18.59922981])
(0.0,[32.0,12.0,22.60791418])
(0.0,[25.0,9.5,16.57457955])
(1.0,[50.0,12.0,19.29846769])
(0.0,[35.0,8.5,20.313824800000003])
(0.0,[32.0,10.0,19.11497357])
(0.0,[50.0,12.0,19.74345371])
(0.0,[43.0,10.95,21.52683376])
(0.0,[20.0,12.5,20.060535199999997])
(1.0,[45.0,7.599999900000001,17.76528214])
(1.0,[35.0,12.5,22.52097199])
(1.0,[59.0,12.0,21.88274308])
(0.0,[53.0,11.5,22.51475816])
(0.0,[33.0,10.0,25.68608525])
(0.0,[20.0,12.0,22.05258154])
(0.0,[40.0,9.5,22.71661009])
(0.0,[50.0,8.5,23.70242215])
(0.0,[37.0,8.5,21.85461554])
(1.0,[75.0,11.5,22.79331886])
(1.0,[49.0,11.0,19.41089929])
(0.0,[33.0,8.5,21.63114885])
(1.0,[65.0,10.0,20.44444444])
(0.0,[21.0,10.5,19.09453705])
(1.0,[75.0,8.5,20.0])
(0.0,[30.0,8.5,21.36752137])
(0.0,[25.0,10.2,21.05170826])
(0.0,[25.0,10.6,19.41060154])
(1.0,[80.0,10.5,19.29635051])
(0.0,[35.0,12.0,19.78656083])
(0.0,[35.0,13.0,16.06066825])
(0.0,[40.0,12.5,19.16785191])
(1.0,[60.0,13.5,16.78442665])
(0.0,[45.0,9.0,22.72077705])
(0.0,[40.0,10.6,18.95230014])
(0.0,[28.0,11.0,21.43094842])
(0.0,[32.0,14.5,20.35933357])
(1.0,[55.0,11.0,18.88678796])
(0.0,[47.0,11.0,21.21614355])
(0.0,[66.0,13.5,18.58631805])
(0.0,[26.0,11.0,21.54693515])
(1.0,[85.0,11.0,20.0])
(0.0,[19.0,8.5,20.19528351])
(1.0,[30.0,12.0,22.61597243])
(1.0,[65.0,10.0,22.63020683])
(1.0,[65.0,8.0,25.0386825])
(0.0,[30.0,10.5,23.38622231])
(0.0,[33.0,9.5,22.90047173])
(1.0,[60.0,9.0,22.78370308])
(0.0,[23.0,8.0,22.60026298])
(1.0,[75.0,9.5,13.33333333])
(1.0,[37.0,10.0,21.33333333])
(0.0,[50.0,10.0,21.28505553])
(0.0,[55.0,8.5,23.25359546])
(0.0,[21.0,10.0,24.28252653])
(0.0,[40.0,12.0,20.77816493])
(0.0,[33.0,11.0,22.07178257])
(1.0,[45.0,13.5,23.33809603])
(0.0,[40.0,9.0,21.21566113])
(0.0,[31.0,11.0,25.95287489])
(0.0,[40.0,7.5,22.84671818])
(1.0,[75.0,10.0,20.44444444])
(1.0,[70.0,9.0,20.81165453])
(0.0,[60.0,9.5,20.0])
(0.0,[47.0,9.5,22.0])
(1.0,[52.0,8.5,22.71439527])
(0.0,[31.0,8.5,24.4424053])
(0.0,[29.0,11.0,22.53415133])
(1.0,[67.0,8.5,20.54569362])
(0.0,[60.0,9.0,20.17455375])
(0.0,[37.0,8.5,22.13878974])
(0.0,[30.0,9.0,24.14984426])
(0.0,[35.0,9.5,23.00880158])
(1.0,[67.0,10.0,20.30659263])
(0.0,[27.0,11.0,18.79351769])
(0.0,[48.0,10.0,19.67660709])
(1.0,[43.0,8.5,23.19585158])
(0.0,[29.0,8.0,22.18297801])
(0.0,[25.0,10.0,25.84132964])
(1.0,[50.0,9.5,23.45959468])
(0.0,[37.0,10.5,21.92886277])
(1.0,[60.0,8.0,21.47751854])
(1.0,[50.0,10.5,21.49028551])
(0.0,[25.0,8.0,20.39643731])
(0.0,[28.0,9.5,20.63961301])
(0.0,[29.0,10.5,22.48132907])
(0.0,[29.0,11.5,21.26437081])
(0.0,[27.0,10.5,22.77318641])
(0.0,[25.0,9.0,21.69833756])
(0.0,[19.0,11.5,17.4263254])
(0.0,[32.0,11.5,22.09798534])
(0.0,[27.0,9.0,20.99421736])
(0.0,[35.0,9.0,22.38281211])
(0.0,[32.0,10.5,21.23982824])
(0.0,[30.0,10.0,24.06154457])
(0.0,[30.0,10.5,21.26951009])
(0.0,[31.0,6.5500002,22.33802964])
(0.0,[26.0,9.5,20.17951358])
(0.0,[65.0,11.0,20.95605917])
(0.0,[40.0,12.0,21.9249524])
(0.0,[32.0,9.5,22.808466199999998])
(0.0,[30.0,9.0,23.46161525])
(0.0,[65.0,10.7,24.22751483])
(1.0,[25.0,10.5,21.42222267])
(0.0,[27.0,9.0,20.73132657])
(1.0,[42.0,12.5,23.40362011])
(0.0,[24.0,12.5,20.7582514])
(0.0,[28.0,11.0,19.94420056])
(0.0,[30.0,12.0,18.80401559])
(0.0,[57.0,8.5,21.12057297])
(1.0,[60.0,10.5,18.83479672])
(0.0,[51.0,12.5,20.34328825])
(1.0,[70.0,8.5,21.39921027])
(1.0,[50.0,9.5,22.93734389])
(0.0,[45.0,9.0,21.57425132])
(0.0,[29.0,9.0,23.61431251])
(0.0,[23.0,9.5,25.09722061])
(0.0,[18.0,9.0,21.40953606])
(0.0,[45.0,10.0,21.94534316])
(0.0,[31.0,11.0,21.69342225])
(1.0,[38.0,8.5,22.34500734])
(0.0,[35.0,8.5,21.8144053])
(0.0,[41.0,10.5,22.62116223])
(0.0,[57.0,8.5,23.34671447])
(0.0,[30.0,9.5,22.1778656])
(1.0,[60.0,8.5,21.47751854])
(1.0,[45.0,10.0,21.72904312])
(0.0,[26.0,8.5,22.58270917])
(0.0,[19.0,9.0,22.29099702])
(0.0,[18.0,10.5,21.20844875])
(0.0,[53.0,9.0,22.62584897])
(0.0,[29.0,12.0,22.798518100000003])
(0.0,[35.0,11.5,23.28785986])
(0.0,[32.0,8.5,24.59003201])
(0.0,[29.0,11.5,22.72013025])
(0.0,[25.0,8.5,21.20844875])
(0.0,[30.0,8.5,23.17414615])
(0.0,[25.0,9.5,20.15318079])
(0.0,[18.0,10.0,20.55731539])
(0.0,[37.0,8.0,22.94833714])
(0.0,[33.0,11.0,21.90492897])
(1.0,[40.0,10.6,23.02445141])
(1.0,[40.0,10.0,19.12666601])
(0.0,[21.0,8.5,21.4447439])
(0.0,[30.0,7.5,22.65625])
(0.0,[26.0,8.5,19.98217829])
(0.0,[32.0,7.5,22.51260706])
(0.0,[29.0,12.0,20.76124482])
(0.0,[39.0,9.0,20.7580508])
(0.0,[31.0,9.5,21.75711207])
(0.0,[43.0,9.5,22.56493821])
(1.0,[35.0,8.5,23.25217201])
(0.0,[31.0,9.5,21.4592589])
(0.0,[21.0,10.0,19.95799081])
(0.0,[19.0,11.5,19.97145681])
(0.0,[35.0,9.5,23.17303063])
(0.0,[50.0,8.5,23.17786973])
(0.0,[55.0,8.5,23.61294731])
(0.0,[23.0,10.0,22.87365989])
(1.0,[21.0,8.5,21.05492721])
(1.0,[40.0,10.5,21.54004663])
(1.0,[30.0,12.5,24.67088548])
(0.0,[28.0,10.0,21.57087844])
(0.0,[21.0,9.5,18.75581879])
(0.0,[35.0,10.0,22.78400902])
(0.0,[31.0,10.0,22.0150774])
(0.0,[22.0,9.0,20.972376999999998])
(1.0,[63.0,11.5,23.98544735])
(1.0,[64.0,10.0,23.9270884])
(0.0,[57.0,12.5,22.45501781])
(0.0,[24.0,9.0,20.38283335])
(0.0,[60.0,12.0,21.52482048])
(0.0,[23.0,8.5,21.09925248])
(0.0,[40.0,9.5,21.97773265])
(1.0,[70.0,8.5,23.81424164])
(0.0,[27.0,10.0,21.43152851])
(0.0,[40.0,8.0,22.265625])
(0.0,[33.0,9.5,20.34279778])
(0.0,[35.0,8.5,22.50692521])
(0.0,[34.0,10.0,21.38878895])
(0.0,[26.0,9.0,22.79249618])
(0.0,[23.0,13.5,21.64127424])
(0.0,[31.0,9.5,24.08670544])
(0.0,[47.0,9.5,22.46664172])
(0.0,[35.0,11.0,23.14249288])
(0.0,[21.0,10.0,23.68768504])
(0.0,[41.0,11.5,22.65291589])
(1.0,[45.0,8.0,22.14782858])
(1.0,[43.0,8.5,20.77562327])
(0.0,[43.0,8.5,23.44447045])
(0.0,[19.0,10.5,20.75498002])
(1.0,[60.0,10.0,20.36337662])
(0.0,[25.0,10.0,23.69779952])
(1.0,[70.0,9.5,22.48873118])
(0.0,[37.0,9.5,21.85746673])
(0.0,[45.0,8.5,22.26457335])
(0.0,[50.0,8.0,22.28840473])
(0.0,[45.0,11.0,22.45634309])
(1.0,[65.0,8.5,23.64074853])
(0.0,[65.0,8.5,19.38102946])
(0.0,[29.0,9.5,21.15524872])
(1.0,[30.0,11.5,21.21796382])
(1.0,[45.0,12.5,22.67888725])
(1.0,[45.0,9.0,21.89981734])
(0.0,[18.0,9.0,21.77202597])
(0.0,[33.0,10.5,22.71878288])
(0.0,[33.0,9.0,25.22729098])
(0.0,[30.0,9.0,26.78143869])
(0.0,[40.0,8.5,21.30394858])
(0.0,[20.0,9.5,23.80344762])
(0.0,[19.0,8.5,24.29892707])
(1.0,[35.0,12.0,21.875])
(0.0,[50.0,10.5,21.03531769])
(0.0,[57.0,9.5,23.35339811])
(0.0,[19.0,9.0,18.88011103])
(0.0,[33.0,9.5,21.33811067])
(0.0,[65.0,12.5,20.15318079])
(0.0,[40.0,11.5,22.14782858])
(0.0,[20.0,11.0,21.03028361])
(0.0,[23.0,9.0,22.86236854])
(0.0,[30.0,10.5,21.58443572])
(1.0,[53.0,10.5,23.7352359])
(0.0,[27.0,10.0,21.74876685])
(0.0,[36.0,10.0,23.39224471])
(0.0,[43.0,9.0,22.37793665])
(0.0,[33.0,11.0,22.68271522])
(0.0,[25.0,5.8000002,21.1717592])
(0.0,[55.0,9.0,21.92612582])
(0.0,[40.0,8.5,21.56651309])
(1.0,[61.0,12.0,23.74140285])
(1.0,[50.0,8.0,21.88263989])
(0.0,[20.0,9.0,22.27131911])
(0.0,[26.0,8.0,20.67803269])
(0.0,[29.0,10.5,22.25141091])
(1.0,[44.0,11.0,22.21010618])
(0.0,[20.0,9.5,22.23700359])
(1.0,[64.0,10.0,24.98269792])
(0.0,[19.0,10.2,18.30431846])
(0.0,[29.0,8.5,23.14049587])
(0.0,[19.0,8.5,20.77562327])
(1.0,[69.0,9.0,20.82999519])
(1.0,[60.0,10.0,21.183281])
(0.0,[25.0,9.0,22.86236854])
(0.0,[35.0,8.5,23.733238399999998])
(0.0,[26.0,8.0,21.35930625])
(1.0,[70.0,9.0,23.94517061])
(0.0,[37.0,8.5,22.34879949])
(0.0,[29.0,8.5,21.49959688])
(0.0,[52.0,11.0,21.92612582])
(1.0,[42.0,10.5,22.03856749])
(0.0,[31.0,9.5,21.71459285])
(1.0,[70.0,10.5,20.88888889])
(0.0,[38.0,8.0,20.00472469])
(1.0,[22.0,8.0,23.3288141])
(0.0,[35.0,11.5,25.45792713])
(0.0,[32.0,10.5,22.96581085])
(0.0,[26.0,9.5,21.77777778])
(1.0,[65.0,12.5,23.52958502])
(0.0,[45.0,8.0,24.17783648])
(0.0,[21.0,8.5,24.09866935])
(0.0,[19.0,8.5,22.14835479])
(1.0,[60.0,9.5,23.29462341])
(0.0,[53.0,11.5,24.09811185])
(0.0,[35.0,11.0,22.29605932])
(0.0,[37.0,6.900000099999999,22.71878288])
(0.0,[22.0,9.5,19.72587831])
(0.0,[30.0,11.55,18.91447412])
(0.0,[43.0,11.0,22.18948166])
(0.0,[40.0,8.5,24.07368299])
(1.0,[75.0,9.0,21.15045626])
(0.0,[24.0,8.5,20.77562327])
(0.0,[33.0,11.0,24.08135691])
(0.0,[40.0,8.5,23.36653112])
(0.0,[37.0,10.5,22.82302195])
(0.0,[40.0,8.5,23.36653112])
(0.0,[31.0,9.0,22.40587695])
(0.0,[32.0,10.5,23.15527382])
(0.0,[25.0,10.5,21.94422343])
(0.0,[26.0,10.0,22.37567995])
(0.0,[55.0,8.0,21.33333333])
(0.0,[40.0,9.5,22.37561952])
(0.0,[33.0,9.0,21.03531769])
(1.0,[75.0,10.3,20.54569362])
(0.0,[27.0,9.0,22.8515625])
(0.0,[60.0,8.0,20.66666667])
(0.0,[25.0,9.5,21.49959688])
(0.0,[28.0,10.0,22.18749961])
(0.0,[27.0,8.5,20.87750274])
(0.0,[31.0,8.0,22.60026298])
(0.0,[27.0,8.5,20.78326055])
(0.0,[29.0,8.5,21.78649237])
(1.0,[70.0,12.0,19.55555556])
(1.0,[57.0,9.0,21.56651309])
(0.0,[38.0,7.5,22.0744285])
(1.0,[71.0,9.5,21.28172055])
(0.0,[35.0,8.5,23.42478851])
(0.0,[53.0,11.8,22.25959584])
(0.0,[24.0,8.5,16.63353483])
(0.0,[50.0,12.0,22.2136785])
(0.0,[43.0,8.5,22.602485])
(0.0,[38.0,10.0,21.05170826])
(0.0,[28.0,9.5,20.51061586])
(0.0,[28.0,9.5,20.23950076])
(0.0,[37.0,9.0,21.98753419])
(0.0,[23.0,10.0,19.60592099])
(0.0,[38.0,9.6000004,21.63114885])
(0.0,[20.0,10.5,23.59547149])
(1.0,[43.0,11.8,22.67888725])
(0.0,[58.0,12.5,24.55884985])
(1.0,[50.0,8.5,23.16336398])
(0.0,[39.0,6.1999998,22.11853074])
(0.0,[65.0,10.5,21.28533818])
(1.0,[65.0,11.0,21.28533818])
(0.0,[45.0,8.0,21.84767913])
(0.0,[60.0,8.0,22.70292366])
(0.0,[19.0,12.5,21.43086044])
(0.0,[35.0,11.0,20.17455375])
(1.0,[30.0,9.5,22.60582578])
(0.0,[19.0,8.5,21.36752137])
(1.0,[55.0,9.5,21.51708143])
(0.0,[27.0,6.4000001,21.78792086])
(0.0,[45.0,8.5,22.17706463])
(0.0,[24.0,8.5,21.20844875])
(0.0,[24.0,8.5,25.0460038])
(1.0,[45.0,10.5,23.42768919])
(0.0,[22.0,10.5,25.28780705])
(0.0,[19.0,8.5,19.57046899])
(0.0,[35.0,11.5,27.76226758])
(1.0,[19.0,9.5,25.84050803])
(0.0,[21.0,8.5,19.61605136])
(0.0,[27.0,11.5,23.2668518])
(1.0,[23.0,11.0,24.72378892])
(1.0,[45.0,8.6000004,21.61561707])
(0.0,[44.0,9.0,22.985401100000004])
(0.0,[27.0,9.5,21.13082595])
(0.0,[25.0,11.5,19.83506183])
(0.0,[30.0,11.0,35.991040999999996])
(0.0,[30.0,10.0,22.563411300000002])
(0.0,[31.0,9.5,20.613131])
(0.0,[23.0,10.0,20.99203601])
(1.0,[35.0,10.0,22.05576024])
(0.0,[32.0,8.5,22.33970839])
(0.0,[40.0,10.5,28.32397102])
(0.0,[18.0,8.5,22.23680367])
(0.0,[30.0,9.5,22.60460745])
(0.0,[27.0,8.5,24.65461526])
(0.0,[40.0,10.5,24.49478943])
(0.0,[30.0,9.1000004,23.94700998])
(0.0,[30.0,9.0,21.94945046])
(0.0,[43.0,9.5,24.26652971])
(0.0,[25.0,8.5,21.8435624])
(0.0,[37.0,11.0,21.89984385])
(0.0,[52.0,9.5,23.14399347])
(0.0,[32.0,8.0,22.52577584])
(0.0,[21.0,10.5,20.09810071])
(1.0,[75.0,8.0,21.50188649])
(0.0,[63.0,11.5,24.0134895])
(1.0,[67.0,11.8,20.93212012])
(1.0,[55.0,8.6000004,23.72483514])
(0.0,[50.0,11.5,22.17706463])
(0.0,[27.0,8.0,25.40003254])
(1.0,[25.0,10.0,21.14357998])
(1.0,[50.0,10.5,20.97107096])
(1.0,[55.0,12.4,24.99207523])
(0.0,[41.0,11.2,21.06960494])
(0.0,[33.0,10.0,22.07344724])
(1.0,[40.0,10.5,21.60204146])
(0.0,[28.0,9.5,24.70069313])
(0.0,[30.0,11.5,26.27073055])
(0.0,[65.0,9.5,21.33333333])
(0.0,[42.0,11.0,22.17924462])
(0.0,[18.0,8.5,19.26319439])
(1.0,[41.0,8.5,23.74917915])
(0.0,[31.0,8.5,20.42333666])
(0.0,[32.0,8.5,23.46670024])
(1.0,[45.0,9.5,22.88337888])
(0.0,[19.0,10.0,24.70256373])
(1.0,[29.0,10.0,26.55253812])
(1.0,[27.0,10.5,26.38986878])
(0.0,[35.0,7.5,22.15495943])
(0.0,[40.0,8.0,22.2136785])
(0.0,[36.0,8.8000002,22.37567995])
(0.0,[31.0,8.5,20.34279778])
(0.0,[30.0,9.5,21.03028361])
(0.0,[25.0,9.5,19.47714681])
(0.0,[45.0,9.5,22.45608305])
(0.0,[38.0,11.0,22.97031067])
(0.0,[45.0,12.5,22.42771323])
(0.0,[19.0,10.6,19.4247836])
(1.0,[39.0,8.5,26.16153326])
(0.0,[30.0,9.5,21.97258715])
(0.0,[24.0,10.0,22.06881619])
(0.0,[45.0,10.0,22.8842743])
(0.0,[21.0,9.0,25.31277669])
(0.0,[37.0,11.0,25.25244208])
(0.0,[35.0,11.5,22.38994687])
(1.0,[70.0,8.5,20.54569362])
(0.0,[25.0,10.0,21.05492721])
(1.0,[59.0,10.2,21.69848898])
(0.0,[55.0,8.5,23.25982299])
(1.0,[37.0,10.5,22.87720343])
(0.0,[33.0,10.0,21.18345733])
(0.0,[31.0,12.5,24.95113468])
(0.0,[19.0,10.5,23.10836074])
(1.0,[38.0,9.5,23.2213593])
(0.0,[23.0,9.5,22.83727674])
(0.0,[35.0,9.5,23.63868493])
(1.0,[50.0,10.2,23.36933881])
(1.0,[40.0,8.5,25.42959228])
(0.0,[33.0,8.0,19.27373153])
(0.0,[19.0,9.0,25.59999924])
(0.0,[40.0,8.5,20.88539904])
(0.0,[33.0,8.0,21.02593404])
(1.0,[28.0,10.0,22.25552084])
(0.0,[22.0,8.5,23.52009098])
(0.0,[40.0,8.5,23.88248738])
(1.0,[45.0,10.0,20.16981424])
(1.0,[22.0,7.5,27.14190876])
(0.0,[31.0,9.5,25.60414787])
(1.0,[33.0,12.5,22.957804])
(0.0,[30.0,8.5,23.13440337])
(0.0,[65.0,10.5,21.04028963])
(0.0,[30.0,10.5,23.20938799])
(1.0,[45.0,6.4000001,22.44668911])
(1.0,[50.0,11.0,23.01127151])
(0.0,[45.0,8.5,22.64702621])
(0.0,[40.0,9.0,18.66706584])
(0.0,[56.0,9.0,24.387541600000002])
(0.0,[19.0,11.5,23.98045305])
(0.0,[37.0,7.5,19.47714681])
(0.0,[25.0,9.0,19.35452958])
(0.0,[32.0,8.0,23.51509301])
(0.0,[30.0,11.0,23.16518052])
(0.0,[50.0,9.5,22.43230252])
(0.0,[40.0,10.5,24.17339278])
(0.0,[32.0,8.0,22.97776966])
(0.0,[22.0,11.0,19.9099723])
(0.0,[41.0,10.5,24.63380736])
(0.0,[65.0,9.5,19.05965229])
(1.0,[57.0,8.5,20.71705626])
(0.0,[41.0,9.5,22.79763351])
(0.0,[35.0,8.3999996,21.43298116])
(0.0,[40.0,11.5,22.50705749])
(0.0,[20.0,10.0,18.3576727])
(0.0,[48.0,9.5,19.56732726])
(0.0,[40.0,10.0,21.54251411])
(0.0,[44.0,9.0,22.92397162])
